LineId,Date,Time,Level,Component,Content,EventId,EventTemplate,ParameterList
1,2016-09-28,04:30:30,Info,CBS,Loaded Servicing Stack v6.1.7601.23505 with Core: C:\Windows\winsxs\amd64_microsoft-windows-servicingstack_31bf3856ad364e35_6.1.7601.23505_none_681aa442f6fed7f0\cbscore.dll,8c7b6197,Loaded Servicing Stack v6.1.7601.23505 with Core: C:\Windows\winsxs\amd64_microsoft-windows-servicingstack_31bf3856ad364e35_6.1.7601.23505_none_681aa442f6fed7f0\cbscore.dll,[]
2,2016-09-28,04:30:31,Info,CSI,00000001@2016/9/27:20:30:31.455 WcpInitialize (wcp.dll version 0.0.0.6) called (stack @0x7fed806eb5d @0x7fef9fb9b6d @0x7fef9f8358f @0xff83e97c @0xff83d799 @0xff83db2f),13caa1c5,<*> WcpInitialize (wcp.dll version 0.0.0.6) called (stack <*>,"['00000001@2016/9/27:20:30:31.455', '@0x7fed806eb5d @0x7fef9fb9b6d @0x7fef9f8358f @0xff83e97c @0xff83d799 @0xff83db2f)']"
3,2016-09-28,04:30:31,Info,CSI,00000002@2016/9/27:20:30:31.458 WcpInitialize (wcp.dll version 0.0.0.6) called (stack @0x7fed806eb5d @0x7fefa006ade @0x7fef9fd2984 @0x7fef9f83665 @0xff83e97c @0xff83d799),13caa1c5,<*> WcpInitialize (wcp.dll version 0.0.0.6) called (stack <*>,"['00000002@2016/9/27:20:30:31.458', '@0x7fed806eb5d @0x7fefa006ade @0x7fef9fd2984 @0x7fef9f83665 @0xff83e97c @0xff83d799)']"
4,2016-09-28,04:30:31,Info,CSI,00000003@2016/9/27:20:30:31.458 WcpInitialize (wcp.dll version 0.0.0.6) called (stack @0x7fed806eb5d @0x7fefa1c8728 @0x7fefa1c8856 @0xff83e474 @0xff83d7de @0xff83db2f),13caa1c5,<*> WcpInitialize (wcp.dll version 0.0.0.6) called (stack <*>,"['00000003@2016/9/27:20:30:31.458', '@0x7fed806eb5d @0x7fefa1c8728 @0x7fefa1c8856 @0xff83e474 @0xff83d7de @0xff83db2f)']"
5,2016-09-28,04:30:31,Info,CBS,Ending TrustedInstaller initialization.,b5d20860,Ending TrustedInstaller <*>,['initialization.']
6,2016-09-28,04:30:31,Info,CBS,Starting the TrustedInstaller main loop.,ddb70245,Starting the TrustedInstaller main loop.,[]
7,2016-09-28,04:30:31,Info,CBS,TrustedInstaller service starts successfully.,70236f55,TrustedInstaller service starts successfully.,[]
8,2016-09-28,04:30:31,Info,CBS,SQM: Initializing online with Windows opt-in: False,492269e4,SQM: Initializing online with Windows opt-in: False,[]
9,2016-09-28,04:30:31,Info,CBS,SQM: Cleaning up report files older than 10 days.,88c7a286,SQM: Cleaning up report files older than 10 days.,[]
10,2016-09-28,04:30:31,Info,CBS,SQM: Requesting upload of all unsent reports.,7e5b1617,SQM: Requesting upload of all unsent reports.,[]
11,2016-09-28,04:30:31,Info,CBS,"SQM: Failed to start upload with file pattern: C:\Windows\servicing\sqm\*_std.sqm, flags: 0x2 [HRESULT = 0x80004005 - E_FAIL]",083f8cc2,"SQM: Failed to start upload with file pattern: C:\Windows\servicing\sqm\*_std.sqm, flags: <*>[HRESULT = <*>- E_FAIL]","['0x2 ', '0x80004005 ']"
12,2016-09-28,04:30:31,Info,CBS,SQM: Failed to start standard sample upload. [HRESULT = 0x80004005 - E_FAIL],2a6f127b,SQM: Failed to start standard sample upload. [HRESULT = <*>- E_FAIL],['0x80004005 ']
13,2016-09-28,04:30:31,Info,CBS,"SQM: Queued 0 file(s) for upload with pattern: C:\Windows\servicing\sqm\*_all.sqm, flags: 0x6",500cb726,"SQM: Queued 0 file(s) for upload with pattern: C:\Windows\servicing\sqm\*_all.sqm, flags: 0x6",[]
14,2016-09-28,04:30:31,Info,CBS,SQM: Warning: Failed to upload all unsent reports. [HRESULT = 0x80004005 - E_FAIL],d13705e4,SQM: Warning: Failed to upload all unsent reports. [HRESULT = <*>- E_FAIL],['0x80004005 ']
15,2016-09-28,04:30:31,Info,CBS,"No startup processing required, TrustedInstaller service was not set as autostart, or else a reboot is still pending.",6342ae85,"No startup processing required, TrustedInstaller service was not set as autostart, or else a reboot is still pending.",[]
16,2016-09-28,04:30:31,Info,CBS,NonStart: Checking to ensure startup processing was not required.,b756d24a,NonStart: Checking to ensure startup processing was not required.,[]
17,2016-09-28,04:30:31,Info,CSI,"00000004 IAdvancedInstallerAwareStore_ResolvePendingTransactions (call 1) (flags = 00000004, progress = NULL, phase = 0, pdwDisposition = @0xb6fd90",82206fcd,"00000004 IAdvancedInstallerAwareStore_ResolvePendingTransactions (call 1) (flags = 00000004, progress = NULL, phase = 0, pdwDisposition = <*>",['@0xb6fd90']
18,2016-09-28,04:30:31,Info,CSI,"00000005 Creating NT transaction (seq 1), objectname [6]""(null)""",af6dad2f,"<*> Creating NT transaction (seq <*> objectname [6]""(null)""","['00000005', '1),']"
19,2016-09-28,04:30:31,Info,CSI,"00000006 Created NT transaction (seq 1) result 0x00000000, handle @0x214",6e2f40cc,<*> Created NT transaction (seq <*> result <*>handle <*>,"['00000006', '1)', '0x00000000, ', '@0x214']"
20,2016-09-28,04:30:31,Info,CSI,00000007@2016/9/27:20:30:31.462 CSI perf trace:,0d5fb9ff,<*> CSI perf trace:,['00000007@2016/9/27:20:30:31.462']
21,2016-09-28,04:30:31,Info,CBS,"NonStart: Success, startup processing not required as expected.",c7e0e082,"NonStart: Success, startup processing not required as expected.",[]
22,2016-09-28,04:30:31,Info,CBS,Startup processing thread terminated normally,0249909f,Startup processing thread terminated normally,[]
23,2016-09-28,04:30:31,Info,CSI,00000008 CSI Store 4991456 (0x00000000004c29e0) initialized,adc049d6,<*> CSI Store <*> (<*>initialized,"['00000008', '4991456', '0x00000000004c29e0) ']"
24,2016-09-28,04:30:31,Info,CBS,Session: 30546173_4261722401 initialized by client WindowsUpdateAgent.,08fb5d73,Session: <*> initialized by client WindowsUpdateAgent.,['30546173_4261722401']
25,2016-09-28,04:30:31,Info,CBS,Session: 30546173_4262462443 initialized by client WindowsUpdateAgent.,08fb5d73,Session: <*> initialized by client WindowsUpdateAgent.,['30546173_4262462443']
26,2016-09-28,04:30:31,Info,CBS,Warning: Unrecognized packageExtended attribute.,39b783c8,Warning: Unrecognized packageExtended attribute.,[]
27,2016-09-28,04:30:31,Info,CBS,Expecting attribute name [HRESULT = 0x800f080d - CBS_E_MANIFEST_INVALID_ITEM],565f9069,Expecting attribute name [HRESULT = <*>- CBS_E_MANIFEST_INVALID_ITEM],['0x800f080d ']
28,2016-09-28,04:30:31,Info,CBS,Failed to get next element [HRESULT = 0x800f080d - CBS_E_MANIFEST_INVALID_ITEM],9c9f9113,Failed to get next element [HRESULT = <*>- CBS_E_MANIFEST_INVALID_ITEM],['0x800f080d ']
29,2016-09-28,04:30:31,Info,CBS,Warning: Unrecognized packageExtended attribute.,39b783c8,Warning: Unrecognized packageExtended attribute.,[]
30,2016-09-28,04:30:31,Info,CBS,Expecting attribute name [HRESULT = 0x800f080d - CBS_E_MANIFEST_INVALID_ITEM],565f9069,Expecting attribute name [HRESULT = <*>- CBS_E_MANIFEST_INVALID_ITEM],['0x800f080d ']
31,2016-09-28,04:30:31,Info,CBS,Failed to get next element [HRESULT = 0x800f080d - CBS_E_MANIFEST_INVALID_ITEM],9c9f9113,Failed to get next element [HRESULT = <*>- CBS_E_MANIFEST_INVALID_ITEM],['0x800f080d ']
32,2016-09-28,04:30:31,Info,CBS,Warning: Unrecognized packageExtended attribute.,39b783c8,Warning: Unrecognized packageExtended attribute.,[]
33,2016-09-28,04:30:31,Info,CBS,Expecting attribute name [HRESULT = 0x800f080d - CBS_E_MANIFEST_INVALID_ITEM],565f9069,Expecting attribute name [HRESULT = <*>- CBS_E_MANIFEST_INVALID_ITEM],['0x800f080d ']
34,2016-09-28,04:30:31,Info,CBS,Failed to get next element [HRESULT = 0x800f080d - CBS_E_MANIFEST_INVALID_ITEM],9c9f9113,Failed to get next element [HRESULT = <*>- CBS_E_MANIFEST_INVALID_ITEM],['0x800f080d ']
35,2016-09-28,04:30:31,Info,CBS,Warning: Unrecognized packageExtended attribute.,39b783c8,Warning: Unrecognized packageExtended attribute.,[]
36,2016-09-28,04:30:31,Info,CBS,Expecting attribute name [HRESULT = 0x800f080d - CBS_E_MANIFEST_INVALID_ITEM],565f9069,Expecting attribute name [HRESULT = <*>- CBS_E_MANIFEST_INVALID_ITEM],['0x800f080d ']
37,2016-09-28,04:30:31,Info,CBS,Failed to get next element [HRESULT = 0x800f080d - CBS_E_MANIFEST_INVALID_ITEM],9c9f9113,Failed to get next element [HRESULT = <*>- CBS_E_MANIFEST_INVALID_ITEM],['0x800f080d ']
38,2016-09-28,04:30:31,Info,CBS,Warning: Unrecognized packageExtended attribute.,39b783c8,Warning: Unrecognized packageExtended attribute.,[]
39,2016-09-28,04:30:31,Info,CBS,Warning: Unrecognized packageExtended attribute.,39b783c8,Warning: Unrecognized packageExtended attribute.,[]
40,2016-09-28,04:30:31,Info,CBS,Expecting attribute name [HRESULT = 0x800f080d - CBS_E_MANIFEST_INVALID_ITEM],565f9069,Expecting attribute name [HRESULT = <*>- CBS_E_MANIFEST_INVALID_ITEM],['0x800f080d ']
41,2016-09-28,04:30:31,Info,CBS,Failed to get next element [HRESULT = 0x800f080d - CBS_E_MANIFEST_INVALID_ITEM],9c9f9113,Failed to get next element [HRESULT = <*>- CBS_E_MANIFEST_INVALID_ITEM],['0x800f080d ']
42,2016-09-28,04:30:31,Info,CBS,Warning: Unrecognized packageExtended attribute.,39b783c8,Warning: Unrecognized packageExtended attribute.,[]
43,2016-09-28,04:30:31,Info,CBS,Expecting attribute name [HRESULT = 0x800f080d - CBS_E_MANIFEST_INVALID_ITEM],565f9069,Expecting attribute name [HRESULT = <*>- CBS_E_MANIFEST_INVALID_ITEM],['0x800f080d ']
44,2016-09-28,04:30:31,Info,CBS,Failed to get next element [HRESULT = 0x800f080d - CBS_E_MANIFEST_INVALID_ITEM],9c9f9113,Failed to get next element [HRESULT = <*>- CBS_E_MANIFEST_INVALID_ITEM],['0x800f080d ']
45,2016-09-28,04:30:31,Info,CBS,Warning: Unrecognized packageExtended attribute.,39b783c8,Warning: Unrecognized packageExtended attribute.,[]
46,2016-09-28,04:30:31,Info,CBS,Expecting attribute name [HRESULT = 0x800f080d - CBS_E_MANIFEST_INVALID_ITEM],565f9069,Expecting attribute name [HRESULT = <*>- CBS_E_MANIFEST_INVALID_ITEM],['0x800f080d ']
47,2016-09-28,04:30:31,Info,CBS,Failed to get next element [HRESULT = 0x800f080d - CBS_E_MANIFEST_INVALID_ITEM],9c9f9113,Failed to get next element [HRESULT = <*>- CBS_E_MANIFEST_INVALID_ITEM],['0x800f080d ']
48,2016-09-28,04:30:31,Info,CBS,Warning: Unrecognized packageExtended attribute.,39b783c8,Warning: Unrecognized packageExtended attribute.,[]
49,2016-09-28,04:30:31,Info,CBS,Expecting attribute name [HRESULT = 0x800f080d - CBS_E_MANIFEST_INVALID_ITEM],565f9069,Expecting attribute name [HRESULT = <*>- CBS_E_MANIFEST_INVALID_ITEM],['0x800f080d ']
50,2016-09-28,04:30:31,Info,CBS,Failed to get next element [HRESULT = 0x800f080d - CBS_E_MANIFEST_INVALID_ITEM],9c9f9113,Failed to get next element [HRESULT = <*>- CBS_E_MANIFEST_INVALID_ITEM],['0x800f080d ']
51,2016-09-28,04:30:31,Info,CBS,Warning: Unrecognized packageExtended attribute.,39b783c8,Warning: Unrecognized packageExtended attribute.,[]
52,2016-09-28,04:30:31,Info,CBS,Warning: Unrecognized packageExtended attribute.,39b783c8,Warning: Unrecognized packageExtended attribute.,[]
53,2016-09-28,04:30:31,Info,CBS,Expecting attribute name [HRESULT = 0x800f080d - CBS_E_MANIFEST_INVALID_ITEM],565f9069,Expecting attribute name [HRESULT = <*>- CBS_E_MANIFEST_INVALID_ITEM],['0x800f080d ']
54,2016-09-28,04:30:31,Info,CBS,Failed to get next element [HRESULT = 0x800f080d - CBS_E_MANIFEST_INVALID_ITEM],9c9f9113,Failed to get next element [HRESULT = <*>- CBS_E_MANIFEST_INVALID_ITEM],['0x800f080d ']
55,2016-09-28,04:30:31,Info,CBS,Warning: Unrecognized packageExtended attribute.,39b783c8,Warning: Unrecognized packageExtended attribute.,[]
56,2016-09-28,04:30:31,Info,CBS,Expecting attribute name [HRESULT = 0x800f080d - CBS_E_MANIFEST_INVALID_ITEM],565f9069,Expecting attribute name [HRESULT = <*>- CBS_E_MANIFEST_INVALID_ITEM],['0x800f080d ']
57,2016-09-28,04:30:31,Info,CBS,Failed to get next element [HRESULT = 0x800f080d - CBS_E_MANIFEST_INVALID_ITEM],9c9f9113,Failed to get next element [HRESULT = <*>- CBS_E_MANIFEST_INVALID_ITEM],['0x800f080d ']
58,2016-09-28,04:30:31,Info,CBS,Warning: Unrecognized packageExtended attribute.,39b783c8,Warning: Unrecognized packageExtended attribute.,[]
59,2016-09-28,04:30:31,Info,CBS,Expecting attribute name [HRESULT = 0x800f080d - CBS_E_MANIFEST_INVALID_ITEM],565f9069,Expecting attribute name [HRESULT = <*>- CBS_E_MANIFEST_INVALID_ITEM],['0x800f080d ']
60,2016-09-28,04:30:31,Info,CBS,Failed to get next element [HRESULT = 0x800f080d - CBS_E_MANIFEST_INVALID_ITEM],9c9f9113,Failed to get next element [HRESULT = <*>- CBS_E_MANIFEST_INVALID_ITEM],['0x800f080d ']
61,2016-09-28,04:30:31,Info,CBS,Warning: Unrecognized packageExtended attribute.,39b783c8,Warning: Unrecognized packageExtended attribute.,[]
62,2016-09-28,04:30:31,Info,CBS,Expecting attribute name [HRESULT = 0x800f080d - CBS_E_MANIFEST_INVALID_ITEM],565f9069,Expecting attribute name [HRESULT = <*>- CBS_E_MANIFEST_INVALID_ITEM],['0x800f080d ']
63,2016-09-28,04:30:31,Info,CBS,Failed to get next element [HRESULT = 0x800f080d - CBS_E_MANIFEST_INVALID_ITEM],9c9f9113,Failed to get next element [HRESULT = <*>- CBS_E_MANIFEST_INVALID_ITEM],['0x800f080d ']
64,2016-09-28,04:30:31,Info,CBS,Warning: Unrecognized packageExtended attribute.,39b783c8,Warning: Unrecognized packageExtended attribute.,[]
65,2016-09-28,04:30:31,Info,CBS,Warning: Unrecognized packageExtended attribute.,39b783c8,Warning: Unrecognized packageExtended attribute.,[]
66,2016-09-28,04:30:31,Info,CBS,Expecting attribute name [HRESULT = 0x800f080d - CBS_E_MANIFEST_INVALID_ITEM],565f9069,Expecting attribute name [HRESULT = <*>- CBS_E_MANIFEST_INVALID_ITEM],['0x800f080d ']
67,2016-09-28,04:30:31,Info,CBS,Failed to get next element [HRESULT = 0x800f080d - CBS_E_MANIFEST_INVALID_ITEM],9c9f9113,Failed to get next element [HRESULT = <*>- CBS_E_MANIFEST_INVALID_ITEM],['0x800f080d ']
68,2016-09-28,04:30:31,Info,CBS,Warning: Unrecognized packageExtended attribute.,39b783c8,Warning: Unrecognized packageExtended attribute.,[]
69,2016-09-28,04:30:31,Info,CBS,Expecting attribute name [HRESULT = 0x800f080d - CBS_E_MANIFEST_INVALID_ITEM],565f9069,Expecting attribute name [HRESULT = <*>- CBS_E_MANIFEST_INVALID_ITEM],['0x800f080d ']
70,2016-09-28,04:30:31,Info,CBS,Failed to get next element [HRESULT = 0x800f080d - CBS_E_MANIFEST_INVALID_ITEM],9c9f9113,Failed to get next element [HRESULT = <*>- CBS_E_MANIFEST_INVALID_ITEM],['0x800f080d ']
71,2016-09-28,04:30:31,Info,CBS,Warning: Unrecognized packageExtended attribute.,39b783c8,Warning: Unrecognized packageExtended attribute.,[]
72,2016-09-28,04:30:31,Info,CBS,Expecting attribute name [HRESULT = 0x800f080d - CBS_E_MANIFEST_INVALID_ITEM],565f9069,Expecting attribute name [HRESULT = <*>- CBS_E_MANIFEST_INVALID_ITEM],['0x800f080d ']
73,2016-09-28,04:30:31,Info,CBS,Failed to get next element [HRESULT = 0x800f080d - CBS_E_MANIFEST_INVALID_ITEM],9c9f9113,Failed to get next element [HRESULT = <*>- CBS_E_MANIFEST_INVALID_ITEM],['0x800f080d ']
74,2016-09-28,04:30:31,Info,CBS,Warning: Unrecognized packageExtended attribute.,39b783c8,Warning: Unrecognized packageExtended attribute.,[]
75,2016-09-28,04:30:31,Info,CBS,Expecting attribute name [HRESULT = 0x800f080d - CBS_E_MANIFEST_INVALID_ITEM],565f9069,Expecting attribute name [HRESULT = <*>- CBS_E_MANIFEST_INVALID_ITEM],['0x800f080d ']
76,2016-09-28,04:30:31,Info,CBS,Failed to get next element [HRESULT = 0x800f080d - CBS_E_MANIFEST_INVALID_ITEM],9c9f9113,Failed to get next element [HRESULT = <*>- CBS_E_MANIFEST_INVALID_ITEM],['0x800f080d ']
77,2016-09-28,04:30:31,Info,CBS,Warning: Unrecognized packageExtended attribute.,39b783c8,Warning: Unrecognized packageExtended attribute.,[]
78,2016-09-28,04:30:31,Info,CBS,Warning: Unrecognized packageExtended attribute.,39b783c8,Warning: Unrecognized packageExtended attribute.,[]
79,2016-09-28,04:30:31,Info,CBS,Expecting attribute name [HRESULT = 0x800f080d - CBS_E_MANIFEST_INVALID_ITEM],565f9069,Expecting attribute name [HRESULT = <*>- CBS_E_MANIFEST_INVALID_ITEM],['0x800f080d ']
80,2016-09-28,04:30:31,Info,CBS,Failed to get next element [HRESULT = 0x800f080d - CBS_E_MANIFEST_INVALID_ITEM],9c9f9113,Failed to get next element [HRESULT = <*>- CBS_E_MANIFEST_INVALID_ITEM],['0x800f080d ']
81,2016-09-28,04:30:31,Info,CBS,Warning: Unrecognized packageExtended attribute.,39b783c8,Warning: Unrecognized packageExtended attribute.,[]
82,2016-09-28,04:30:31,Info,CBS,Expecting attribute name [HRESULT = 0x800f080d - CBS_E_MANIFEST_INVALID_ITEM],565f9069,Expecting attribute name [HRESULT = <*>- CBS_E_MANIFEST_INVALID_ITEM],['0x800f080d ']
83,2016-09-28,04:30:31,Info,CBS,Failed to get next element [HRESULT = 0x800f080d - CBS_E_MANIFEST_INVALID_ITEM],9c9f9113,Failed to get next element [HRESULT = <*>- CBS_E_MANIFEST_INVALID_ITEM],['0x800f080d ']
84,2016-09-28,04:30:31,Info,CBS,Warning: Unrecognized packageExtended attribute.,39b783c8,Warning: Unrecognized packageExtended attribute.,[]
85,2016-09-28,04:30:31,Info,CBS,Expecting attribute name [HRESULT = 0x800f080d - CBS_E_MANIFEST_INVALID_ITEM],565f9069,Expecting attribute name [HRESULT = <*>- CBS_E_MANIFEST_INVALID_ITEM],['0x800f080d ']
86,2016-09-28,04:30:31,Info,CBS,Failed to get next element [HRESULT = 0x800f080d - CBS_E_MANIFEST_INVALID_ITEM],9c9f9113,Failed to get next element [HRESULT = <*>- CBS_E_MANIFEST_INVALID_ITEM],['0x800f080d ']
87,2016-09-28,04:30:31,Info,CBS,Warning: Unrecognized packageExtended attribute.,39b783c8,Warning: Unrecognized packageExtended attribute.,[]
88,2016-09-28,04:30:31,Info,CBS,Expecting attribute name [HRESULT = 0x800f080d - CBS_E_MANIFEST_INVALID_ITEM],565f9069,Expecting attribute name [HRESULT = <*>- CBS_E_MANIFEST_INVALID_ITEM],['0x800f080d ']
89,2016-09-28,04:30:31,Info,CBS,Failed to get next element [HRESULT = 0x800f080d - CBS_E_MANIFEST_INVALID_ITEM],9c9f9113,Failed to get next element [HRESULT = <*>- CBS_E_MANIFEST_INVALID_ITEM],['0x800f080d ']
90,2016-09-28,04:30:31,Info,CBS,Warning: Unrecognized packageExtended attribute.,39b783c8,Warning: Unrecognized packageExtended attribute.,[]
91,2016-09-28,04:30:31,Info,CBS,Warning: Unrecognized packageExtended attribute.,39b783c8,Warning: Unrecognized packageExtended attribute.,[]
92,2016-09-28,04:30:31,Info,CBS,Expecting attribute name [HRESULT = 0x800f080d - CBS_E_MANIFEST_INVALID_ITEM],565f9069,Expecting attribute name [HRESULT = <*>- CBS_E_MANIFEST_INVALID_ITEM],['0x800f080d ']
93,2016-09-28,04:30:31,Info,CBS,Failed to get next element [HRESULT = 0x800f080d - CBS_E_MANIFEST_INVALID_ITEM],9c9f9113,Failed to get next element [HRESULT = <*>- CBS_E_MANIFEST_INVALID_ITEM],['0x800f080d ']
94,2016-09-28,04:30:31,Info,CBS,Warning: Unrecognized packageExtended attribute.,39b783c8,Warning: Unrecognized packageExtended attribute.,[]
95,2016-09-28,04:30:31,Info,CBS,Expecting attribute name [HRESULT = 0x800f080d - CBS_E_MANIFEST_INVALID_ITEM],565f9069,Expecting attribute name [HRESULT = <*>- CBS_E_MANIFEST_INVALID_ITEM],['0x800f080d ']
96,2016-09-28,04:30:31,Info,CBS,Failed to get next element [HRESULT = 0x800f080d - CBS_E_MANIFEST_INVALID_ITEM],9c9f9113,Failed to get next element [HRESULT = <*>- CBS_E_MANIFEST_INVALID_ITEM],['0x800f080d ']
97,2016-09-28,04:30:31,Info,CBS,Warning: Unrecognized packageExtended attribute.,39b783c8,Warning: Unrecognized packageExtended attribute.,[]
98,2016-09-28,04:30:31,Info,CBS,Expecting attribute name [HRESULT = 0x800f080d - CBS_E_MANIFEST_INVALID_ITEM],565f9069,Expecting attribute name [HRESULT = <*>- CBS_E_MANIFEST_INVALID_ITEM],['0x800f080d ']
99,2016-09-28,04:30:31,Info,CBS,Failed to get next element [HRESULT = 0x800f080d - CBS_E_MANIFEST_INVALID_ITEM],9c9f9113,Failed to get next element [HRESULT = <*>- CBS_E_MANIFEST_INVALID_ITEM],['0x800f080d ']
100,2016-09-28,04:30:31,Info,CBS,Warning: Unrecognized packageExtended attribute.,39b783c8,Warning: Unrecognized packageExtended attribute.,[]
101,2016-09-28,04:30:31,Info,CBS,Expecting attribute name [HRESULT = 0x800f080d - CBS_E_MANIFEST_INVALID_ITEM],565f9069,Expecting attribute name [HRESULT = <*>- CBS_E_MANIFEST_INVALID_ITEM],['0x800f080d ']
102,2016-09-28,04:30:31,Info,CBS,Failed to get next element [HRESULT = 0x800f080d - CBS_E_MANIFEST_INVALID_ITEM],9c9f9113,Failed to get next element [HRESULT = <*>- CBS_E_MANIFEST_INVALID_ITEM],['0x800f080d ']
103,2016-09-28,04:30:31,Info,CBS,Warning: Unrecognized packageExtended attribute.,39b783c8,Warning: Unrecognized packageExtended attribute.,[]
104,2016-09-28,04:30:31,Info,CBS,Warning: Unrecognized packageExtended attribute.,39b783c8,Warning: Unrecognized packageExtended attribute.,[]
105,2016-09-28,04:30:31,Info,CBS,Expecting attribute name [HRESULT = 0x800f080d - CBS_E_MANIFEST_INVALID_ITEM],565f9069,Expecting attribute name [HRESULT = <*>- CBS_E_MANIFEST_INVALID_ITEM],['0x800f080d ']
106,2016-09-28,04:30:31,Info,CBS,Failed to get next element [HRESULT = 0x800f080d - CBS_E_MANIFEST_INVALID_ITEM],9c9f9113,Failed to get next element [HRESULT = <*>- CBS_E_MANIFEST_INVALID_ITEM],['0x800f080d ']
107,2016-09-28,04:30:31,Info,CBS,Warning: Unrecognized packageExtended attribute.,39b783c8,Warning: Unrecognized packageExtended attribute.,[]
108,2016-09-28,04:30:31,Info,CBS,Expecting attribute name [HRESULT = 0x800f080d - CBS_E_MANIFEST_INVALID_ITEM],565f9069,Expecting attribute name [HRESULT = <*>- CBS_E_MANIFEST_INVALID_ITEM],['0x800f080d ']
109,2016-09-28,04:30:31,Info,CBS,Failed to get next element [HRESULT = 0x800f080d - CBS_E_MANIFEST_INVALID_ITEM],9c9f9113,Failed to get next element [HRESULT = <*>- CBS_E_MANIFEST_INVALID_ITEM],['0x800f080d ']
110,2016-09-28,04:30:31,Info,CBS,Warning: Unrecognized packageExtended attribute.,39b783c8,Warning: Unrecognized packageExtended attribute.,[]
111,2016-09-28,04:30:31,Info,CBS,Expecting attribute name [HRESULT = 0x800f080d - CBS_E_MANIFEST_INVALID_ITEM],565f9069,Expecting attribute name [HRESULT = <*>- CBS_E_MANIFEST_INVALID_ITEM],['0x800f080d ']
112,2016-09-28,04:30:31,Info,CBS,Failed to get next element [HRESULT = 0x800f080d - CBS_E_MANIFEST_INVALID_ITEM],9c9f9113,Failed to get next element [HRESULT = <*>- CBS_E_MANIFEST_INVALID_ITEM],['0x800f080d ']
113,2016-09-28,04:30:31,Info,CBS,Warning: Unrecognized packageExtended attribute.,39b783c8,Warning: Unrecognized packageExtended attribute.,[]
114,2016-09-28,04:30:31,Info,CBS,Expecting attribute name [HRESULT = 0x800f080d - CBS_E_MANIFEST_INVALID_ITEM],565f9069,Expecting attribute name [HRESULT = <*>- CBS_E_MANIFEST_INVALID_ITEM],['0x800f080d ']
115,2016-09-28,04:30:31,Info,CBS,Failed to get next element [HRESULT = 0x800f080d - CBS_E_MANIFEST_INVALID_ITEM],9c9f9113,Failed to get next element [HRESULT = <*>- CBS_E_MANIFEST_INVALID_ITEM],['0x800f080d ']
116,2016-09-28,04:30:31,Info,CBS,Warning: Unrecognized packageExtended attribute.,39b783c8,Warning: Unrecognized packageExtended attribute.,[]
117,2016-09-28,04:30:31,Info,CBS,Warning: Unrecognized packageExtended attribute.,39b783c8,Warning: Unrecognized packageExtended attribute.,[]
118,2016-09-28,04:30:31,Info,CBS,Expecting attribute name [HRESULT = 0x800f080d - CBS_E_MANIFEST_INVALID_ITEM],565f9069,Expecting attribute name [HRESULT = <*>- CBS_E_MANIFEST_INVALID_ITEM],['0x800f080d ']
119,2016-09-28,04:30:31,Info,CBS,Failed to get next element [HRESULT = 0x800f080d - CBS_E_MANIFEST_INVALID_ITEM],9c9f9113,Failed to get next element [HRESULT = <*>- CBS_E_MANIFEST_INVALID_ITEM],['0x800f080d ']
120,2016-09-28,04:30:31,Info,CBS,Warning: Unrecognized packageExtended attribute.,39b783c8,Warning: Unrecognized packageExtended attribute.,[]
121,2016-09-28,04:30:31,Info,CBS,Expecting attribute name [HRESULT = 0x800f080d - CBS_E_MANIFEST_INVALID_ITEM],565f9069,Expecting attribute name [HRESULT = <*>- CBS_E_MANIFEST_INVALID_ITEM],['0x800f080d ']
122,2016-09-28,04:30:31,Info,CBS,Failed to get next element [HRESULT = 0x800f080d - CBS_E_MANIFEST_INVALID_ITEM],9c9f9113,Failed to get next element [HRESULT = <*>- CBS_E_MANIFEST_INVALID_ITEM],['0x800f080d ']
123,2016-09-28,04:30:31,Info,CBS,Warning: Unrecognized packageExtended attribute.,39b783c8,Warning: Unrecognized packageExtended attribute.,[]
124,2016-09-28,04:30:31,Info,CBS,Expecting attribute name [HRESULT = 0x800f080d - CBS_E_MANIFEST_INVALID_ITEM],565f9069,Expecting attribute name [HRESULT = <*>- CBS_E_MANIFEST_INVALID_ITEM],['0x800f080d ']
125,2016-09-28,04:30:31,Info,CBS,Failed to get next element [HRESULT = 0x800f080d - CBS_E_MANIFEST_INVALID_ITEM],9c9f9113,Failed to get next element [HRESULT = <*>- CBS_E_MANIFEST_INVALID_ITEM],['0x800f080d ']
126,2016-09-28,04:30:31,Info,CBS,Warning: Unrecognized packageExtended attribute.,39b783c8,Warning: Unrecognized packageExtended attribute.,[]
127,2016-09-28,04:30:31,Info,CBS,Expecting attribute name [HRESULT = 0x800f080d - CBS_E_MANIFEST_INVALID_ITEM],565f9069,Expecting attribute name [HRESULT = <*>- CBS_E_MANIFEST_INVALID_ITEM],['0x800f080d ']
128,2016-09-28,04:30:31,Info,CBS,Failed to get next element [HRESULT = 0x800f080d - CBS_E_MANIFEST_INVALID_ITEM],9c9f9113,Failed to get next element [HRESULT = <*>- CBS_E_MANIFEST_INVALID_ITEM],['0x800f080d ']
129,2016-09-28,04:30:31,Info,CBS,Warning: Unrecognized packageExtended attribute.,39b783c8,Warning: Unrecognized packageExtended attribute.,[]
130,2016-09-28,04:30:32,Info,CBS,Session: 30546173_4267072707 initialized by client WindowsUpdateAgent.,08fb5d73,Session: <*> initialized by client WindowsUpdateAgent.,['30546173_4267072707']
131,2016-09-28,04:30:32,Info,CBS,Failed to internally open package. [HRESULT = 0x800f0805 - CBS_E_INVALID_PACKAGE],39c8b4cc,Failed to internally open package. [HRESULT = <*>- CBS_E_INVALID_PACKAGE],['0x800f0805 ']
132,2016-09-28,04:30:32,Info,CBS,Session: 30546173_4268042763 initialized by client WindowsUpdateAgent.,08fb5d73,Session: <*> initialized by client WindowsUpdateAgent.,['30546173_4268042763']
133,2016-09-28,04:30:32,Info,CBS,Session: 30546173_4271022933 initialized by client WindowsUpdateAgent.,08fb5d73,Session: <*> initialized by client WindowsUpdateAgent.,['30546173_4271022933']
134,2016-09-28,04:30:32,Info,CBS,Warning: Unrecognized packageExtended attribute.,39b783c8,Warning: Unrecognized packageExtended attribute.,[]
135,2016-09-28,04:30:32,Info,CBS,Expecting attribute name [HRESULT = 0x800f080d - CBS_E_MANIFEST_INVALID_ITEM],565f9069,Expecting attribute name [HRESULT = <*>- CBS_E_MANIFEST_INVALID_ITEM],['0x800f080d ']
136,2016-09-28,04:30:32,Info,CBS,Failed to get next element [HRESULT = 0x800f080d - CBS_E_MANIFEST_INVALID_ITEM],9c9f9113,Failed to get next element [HRESULT = <*>- CBS_E_MANIFEST_INVALID_ITEM],['0x800f080d ']
137,2016-09-28,04:30:32,Info,CBS,Warning: Unrecognized packageExtended attribute.,39b783c8,Warning: Unrecognized packageExtended attribute.,[]
138,2016-09-28,04:30:32,Info,CBS,Expecting attribute name [HRESULT = 0x800f080d - CBS_E_MANIFEST_INVALID_ITEM],565f9069,Expecting attribute name [HRESULT = <*>- CBS_E_MANIFEST_INVALID_ITEM],['0x800f080d ']
139,2016-09-28,04:30:32,Info,CBS,Failed to get next element [HRESULT = 0x800f080d - CBS_E_MANIFEST_INVALID_ITEM],9c9f9113,Failed to get next element [HRESULT = <*>- CBS_E_MANIFEST_INVALID_ITEM],['0x800f080d ']
140,2016-09-28,04:30:32,Info,CBS,Warning: Unrecognized packageExtended attribute.,39b783c8,Warning: Unrecognized packageExtended attribute.,[]
141,2016-09-28,04:30:32,Info,CBS,Expecting attribute name [HRESULT = 0x800f080d - CBS_E_MANIFEST_INVALID_ITEM],565f9069,Expecting attribute name [HRESULT = <*>- CBS_E_MANIFEST_INVALID_ITEM],['0x800f080d ']
142,2016-09-28,04:30:32,Info,CBS,Failed to get next element [HRESULT = 0x800f080d - CBS_E_MANIFEST_INVALID_ITEM],9c9f9113,Failed to get next element [HRESULT = <*>- CBS_E_MANIFEST_INVALID_ITEM],['0x800f080d ']
143,2016-09-28,04:30:32,Info,CBS,Warning: Unrecognized packageExtended attribute.,39b783c8,Warning: Unrecognized packageExtended attribute.,[]
144,2016-09-28,04:30:32,Info,CBS,Expecting attribute name [HRESULT = 0x800f080d - CBS_E_MANIFEST_INVALID_ITEM],565f9069,Expecting attribute name [HRESULT = <*>- CBS_E_MANIFEST_INVALID_ITEM],['0x800f080d ']
145,2016-09-28,04:30:32,Info,CBS,Failed to get next element [HRESULT = 0x800f080d - CBS_E_MANIFEST_INVALID_ITEM],9c9f9113,Failed to get next element [HRESULT = <*>- CBS_E_MANIFEST_INVALID_ITEM],['0x800f080d ']
146,2016-09-28,04:30:32,Info,CBS,Warning: Unrecognized packageExtended attribute.,39b783c8,Warning: Unrecognized packageExtended attribute.,[]
147,2016-09-28,04:30:32,Info,CBS,Warning: Unrecognized packageExtended attribute.,39b783c8,Warning: Unrecognized packageExtended attribute.,[]
148,2016-09-28,04:30:32,Info,CBS,Expecting attribute name [HRESULT = 0x800f080d - CBS_E_MANIFEST_INVALID_ITEM],565f9069,Expecting attribute name [HRESULT = <*>- CBS_E_MANIFEST_INVALID_ITEM],['0x800f080d ']
149,2016-09-28,04:30:32,Info,CBS,Failed to get next element [HRESULT = 0x800f080d - CBS_E_MANIFEST_INVALID_ITEM],9c9f9113,Failed to get next element [HRESULT = <*>- CBS_E_MANIFEST_INVALID_ITEM],['0x800f080d ']
150,2016-09-28,04:30:32,Info,CBS,Warning: Unrecognized packageExtended attribute.,39b783c8,Warning: Unrecognized packageExtended attribute.,[]
151,2016-09-28,04:30:32,Info,CBS,Expecting attribute name [HRESULT = 0x800f080d - CBS_E_MANIFEST_INVALID_ITEM],565f9069,Expecting attribute name [HRESULT = <*>- CBS_E_MANIFEST_INVALID_ITEM],['0x800f080d ']
152,2016-09-28,04:30:32,Info,CBS,Failed to get next element [HRESULT = 0x800f080d - CBS_E_MANIFEST_INVALID_ITEM],9c9f9113,Failed to get next element [HRESULT = <*>- CBS_E_MANIFEST_INVALID_ITEM],['0x800f080d ']
153,2016-09-28,04:30:32,Info,CBS,Warning: Unrecognized packageExtended attribute.,39b783c8,Warning: Unrecognized packageExtended attribute.,[]
154,2016-09-28,04:30:32,Info,CBS,Expecting attribute name [HRESULT = 0x800f080d - CBS_E_MANIFEST_INVALID_ITEM],565f9069,Expecting attribute name [HRESULT = <*>- CBS_E_MANIFEST_INVALID_ITEM],['0x800f080d ']
155,2016-09-28,04:30:32,Info,CBS,Failed to get next element [HRESULT = 0x800f080d - CBS_E_MANIFEST_INVALID_ITEM],9c9f9113,Failed to get next element [HRESULT = <*>- CBS_E_MANIFEST_INVALID_ITEM],['0x800f080d ']
156,2016-09-28,04:30:32,Info,CBS,Warning: Unrecognized packageExtended attribute.,39b783c8,Warning: Unrecognized packageExtended attribute.,[]
157,2016-09-28,04:30:32,Info,CBS,Expecting attribute name [HRESULT = 0x800f080d - CBS_E_MANIFEST_INVALID_ITEM],565f9069,Expecting attribute name [HRESULT = <*>- CBS_E_MANIFEST_INVALID_ITEM],['0x800f080d ']
158,2016-09-28,04:30:32,Info,CBS,Failed to get next element [HRESULT = 0x800f080d - CBS_E_MANIFEST_INVALID_ITEM],9c9f9113,Failed to get next element [HRESULT = <*>- CBS_E_MANIFEST_INVALID_ITEM],['0x800f080d ']
159,2016-09-28,04:30:32,Info,CBS,Warning: Unrecognized packageExtended attribute.,39b783c8,Warning: Unrecognized packageExtended attribute.,[]
160,2016-09-28,04:30:32,Info,CBS,Warning: Unrecognized packageExtended attribute.,39b783c8,Warning: Unrecognized packageExtended attribute.,[]
161,2016-09-28,04:30:32,Info,CBS,Expecting attribute name [HRESULT = 0x800f080d - CBS_E_MANIFEST_INVALID_ITEM],565f9069,Expecting attribute name [HRESULT = <*>- CBS_E_MANIFEST_INVALID_ITEM],['0x800f080d ']
162,2016-09-28,04:30:32,Info,CBS,Failed to get next element [HRESULT = 0x800f080d - CBS_E_MANIFEST_INVALID_ITEM],9c9f9113,Failed to get next element [HRESULT = <*>- CBS_E_MANIFEST_INVALID_ITEM],['0x800f080d ']
163,2016-09-28,04:30:32,Info,CBS,Warning: Unrecognized packageExtended attribute.,39b783c8,Warning: Unrecognized packageExtended attribute.,[]
164,2016-09-28,04:30:32,Info,CBS,Expecting attribute name [HRESULT = 0x800f080d - CBS_E_MANIFEST_INVALID_ITEM],565f9069,Expecting attribute name [HRESULT = <*>- CBS_E_MANIFEST_INVALID_ITEM],['0x800f080d ']
165,2016-09-28,04:30:32,Info,CBS,Failed to get next element [HRESULT = 0x800f080d - CBS_E_MANIFEST_INVALID_ITEM],9c9f9113,Failed to get next element [HRESULT = <*>- CBS_E_MANIFEST_INVALID_ITEM],['0x800f080d ']
166,2016-09-28,04:30:32,Info,CBS,Warning: Unrecognized packageExtended attribute.,39b783c8,Warning: Unrecognized packageExtended attribute.,[]
167,2016-09-28,04:30:32,Info,CBS,Expecting attribute name [HRESULT = 0x800f080d - CBS_E_MANIFEST_INVALID_ITEM],565f9069,Expecting attribute name [HRESULT = <*>- CBS_E_MANIFEST_INVALID_ITEM],['0x800f080d ']
168,2016-09-28,04:30:32,Info,CBS,Failed to get next element [HRESULT = 0x800f080d - CBS_E_MANIFEST_INVALID_ITEM],9c9f9113,Failed to get next element [HRESULT = <*>- CBS_E_MANIFEST_INVALID_ITEM],['0x800f080d ']
169,2016-09-28,04:30:32,Info,CBS,Warning: Unrecognized packageExtended attribute.,39b783c8,Warning: Unrecognized packageExtended attribute.,[]
170,2016-09-28,04:30:32,Info,CBS,Expecting attribute name [HRESULT = 0x800f080d - CBS_E_MANIFEST_INVALID_ITEM],565f9069,Expecting attribute name [HRESULT = <*>- CBS_E_MANIFEST_INVALID_ITEM],['0x800f080d ']
171,2016-09-28,04:30:32,Info,CBS,Failed to get next element [HRESULT = 0x800f080d - CBS_E_MANIFEST_INVALID_ITEM],9c9f9113,Failed to get next element [HRESULT = <*>- CBS_E_MANIFEST_INVALID_ITEM],['0x800f080d ']
172,2016-09-28,04:30:32,Info,CBS,Warning: Unrecognized packageExtended attribute.,39b783c8,Warning: Unrecognized packageExtended attribute.,[]
173,2016-09-28,04:30:32,Info,CBS,Warning: Unrecognized packageExtended attribute.,39b783c8,Warning: Unrecognized packageExtended attribute.,[]
174,2016-09-28,04:30:32,Info,CBS,Expecting attribute name [HRESULT = 0x800f080d - CBS_E_MANIFEST_INVALID_ITEM],565f9069,Expecting attribute name [HRESULT = <*>- CBS_E_MANIFEST_INVALID_ITEM],['0x800f080d ']
175,2016-09-28,04:30:32,Info,CBS,Failed to get next element [HRESULT = 0x800f080d - CBS_E_MANIFEST_INVALID_ITEM],9c9f9113,Failed to get next element [HRESULT = <*>- CBS_E_MANIFEST_INVALID_ITEM],['0x800f080d ']
176,2016-09-28,04:30:32,Info,CBS,Warning: Unrecognized packageExtended attribute.,39b783c8,Warning: Unrecognized packageExtended attribute.,[]
177,2016-09-28,04:30:32,Info,CBS,Expecting attribute name [HRESULT = 0x800f080d - CBS_E_MANIFEST_INVALID_ITEM],565f9069,Expecting attribute name [HRESULT = <*>- CBS_E_MANIFEST_INVALID_ITEM],['0x800f080d ']
178,2016-09-28,04:30:32,Info,CBS,Failed to get next element [HRESULT = 0x800f080d - CBS_E_MANIFEST_INVALID_ITEM],9c9f9113,Failed to get next element [HRESULT = <*>- CBS_E_MANIFEST_INVALID_ITEM],['0x800f080d ']
179,2016-09-28,04:30:32,Info,CBS,Warning: Unrecognized packageExtended attribute.,39b783c8,Warning: Unrecognized packageExtended attribute.,[]
180,2016-09-28,04:30:32,Info,CBS,Expecting attribute name [HRESULT = 0x800f080d - CBS_E_MANIFEST_INVALID_ITEM],565f9069,Expecting attribute name [HRESULT = <*>- CBS_E_MANIFEST_INVALID_ITEM],['0x800f080d ']
181,2016-09-28,04:30:32,Info,CBS,Failed to get next element [HRESULT = 0x800f080d - CBS_E_MANIFEST_INVALID_ITEM],9c9f9113,Failed to get next element [HRESULT = <*>- CBS_E_MANIFEST_INVALID_ITEM],['0x800f080d ']
182,2016-09-28,04:30:32,Info,CBS,Warning: Unrecognized packageExtended attribute.,39b783c8,Warning: Unrecognized packageExtended attribute.,[]
183,2016-09-28,04:30:32,Info,CBS,Expecting attribute name [HRESULT = 0x800f080d - CBS_E_MANIFEST_INVALID_ITEM],565f9069,Expecting attribute name [HRESULT = <*>- CBS_E_MANIFEST_INVALID_ITEM],['0x800f080d ']
184,2016-09-28,04:30:32,Info,CBS,Failed to get next element [HRESULT = 0x800f080d - CBS_E_MANIFEST_INVALID_ITEM],9c9f9113,Failed to get next element [HRESULT = <*>- CBS_E_MANIFEST_INVALID_ITEM],['0x800f080d ']
185,2016-09-28,04:30:32,Info,CBS,Warning: Unrecognized packageExtended attribute.,39b783c8,Warning: Unrecognized packageExtended attribute.,[]
186,2016-09-28,04:30:32,Info,CBS,Warning: Unrecognized packageExtended attribute.,39b783c8,Warning: Unrecognized packageExtended attribute.,[]
187,2016-09-28,04:30:32,Info,CBS,Expecting attribute name [HRESULT = 0x800f080d - CBS_E_MANIFEST_INVALID_ITEM],565f9069,Expecting attribute name [HRESULT = <*>- CBS_E_MANIFEST_INVALID_ITEM],['0x800f080d ']
188,2016-09-28,04:30:32,Info,CBS,Failed to get next element [HRESULT = 0x800f080d - CBS_E_MANIFEST_INVALID_ITEM],9c9f9113,Failed to get next element [HRESULT = <*>- CBS_E_MANIFEST_INVALID_ITEM],['0x800f080d ']
189,2016-09-28,04:30:32,Info,CBS,Warning: Unrecognized packageExtended attribute.,39b783c8,Warning: Unrecognized packageExtended attribute.,[]
190,2016-09-28,04:30:32,Info,CBS,Expecting attribute name [HRESULT = 0x800f080d - CBS_E_MANIFEST_INVALID_ITEM],565f9069,Expecting attribute name [HRESULT = <*>- CBS_E_MANIFEST_INVALID_ITEM],['0x800f080d ']
191,2016-09-28,04:30:32,Info,CBS,Failed to get next element [HRESULT = 0x800f080d - CBS_E_MANIFEST_INVALID_ITEM],9c9f9113,Failed to get next element [HRESULT = <*>- CBS_E_MANIFEST_INVALID_ITEM],['0x800f080d ']
192,2016-09-28,04:30:32,Info,CBS,Warning: Unrecognized packageExtended attribute.,39b783c8,Warning: Unrecognized packageExtended attribute.,[]
193,2016-09-28,04:30:32,Info,CBS,Expecting attribute name [HRESULT = 0x800f080d - CBS_E_MANIFEST_INVALID_ITEM],565f9069,Expecting attribute name [HRESULT = <*>- CBS_E_MANIFEST_INVALID_ITEM],['0x800f080d ']
194,2016-09-28,04:30:32,Info,CBS,Failed to get next element [HRESULT = 0x800f080d - CBS_E_MANIFEST_INVALID_ITEM],9c9f9113,Failed to get next element [HRESULT = <*>- CBS_E_MANIFEST_INVALID_ITEM],['0x800f080d ']
195,2016-09-28,04:30:32,Info,CBS,Warning: Unrecognized packageExtended attribute.,39b783c8,Warning: Unrecognized packageExtended attribute.,[]
196,2016-09-28,04:30:32,Info,CBS,Expecting attribute name [HRESULT = 0x800f080d - CBS_E_MANIFEST_INVALID_ITEM],565f9069,Expecting attribute name [HRESULT = <*>- CBS_E_MANIFEST_INVALID_ITEM],['0x800f080d ']
197,2016-09-28,04:30:32,Info,CBS,Failed to get next element [HRESULT = 0x800f080d - CBS_E_MANIFEST_INVALID_ITEM],9c9f9113,Failed to get next element [HRESULT = <*>- CBS_E_MANIFEST_INVALID_ITEM],['0x800f080d ']
198,2016-09-28,04:30:32,Info,CBS,Warning: Unrecognized packageExtended attribute.,39b783c8,Warning: Unrecognized packageExtended attribute.,[]
199,2016-09-28,04:30:32,Info,CBS,Warning: Unrecognized packageExtended attribute.,39b783c8,Warning: Unrecognized packageExtended attribute.,[]
200,2016-09-28,04:30:32,Info,CBS,Expecting attribute name [HRESULT = 0x800f080d - CBS_E_MANIFEST_INVALID_ITEM],565f9069,Expecting attribute name [HRESULT = <*>- CBS_E_MANIFEST_INVALID_ITEM],['0x800f080d ']
201,2016-09-28,04:30:32,Info,CBS,Failed to get next element [HRESULT = 0x800f080d - CBS_E_MANIFEST_INVALID_ITEM],9c9f9113,Failed to get next element [HRESULT = <*>- CBS_E_MANIFEST_INVALID_ITEM],['0x800f080d ']
202,2016-09-28,04:30:32,Info,CBS,Warning: Unrecognized packageExtended attribute.,39b783c8,Warning: Unrecognized packageExtended attribute.,[]
203,2016-09-28,04:30:32,Info,CBS,Expecting attribute name [HRESULT = 0x800f080d - CBS_E_MANIFEST_INVALID_ITEM],565f9069,Expecting attribute name [HRESULT = <*>- CBS_E_MANIFEST_INVALID_ITEM],['0x800f080d ']
204,2016-09-28,04:30:32,Info,CBS,Failed to get next element [HRESULT = 0x800f080d - CBS_E_MANIFEST_INVALID_ITEM],9c9f9113,Failed to get next element [HRESULT = <*>- CBS_E_MANIFEST_INVALID_ITEM],['0x800f080d ']
205,2016-09-28,04:30:32,Info,CBS,Warning: Unrecognized packageExtended attribute.,39b783c8,Warning: Unrecognized packageExtended attribute.,[]
206,2016-09-28,04:30:32,Info,CBS,Expecting attribute name [HRESULT = 0x800f080d - CBS_E_MANIFEST_INVALID_ITEM],565f9069,Expecting attribute name [HRESULT = <*>- CBS_E_MANIFEST_INVALID_ITEM],['0x800f080d ']
207,2016-09-28,04:30:32,Info,CBS,Failed to get next element [HRESULT = 0x800f080d - CBS_E_MANIFEST_INVALID_ITEM],9c9f9113,Failed to get next element [HRESULT = <*>- CBS_E_MANIFEST_INVALID_ITEM],['0x800f080d ']
208,2016-09-28,04:30:32,Info,CBS,Warning: Unrecognized packageExtended attribute.,39b783c8,Warning: Unrecognized packageExtended attribute.,[]
209,2016-09-28,04:30:32,Info,CBS,Expecting attribute name [HRESULT = 0x800f080d - CBS_E_MANIFEST_INVALID_ITEM],565f9069,Expecting attribute name [HRESULT = <*>- CBS_E_MANIFEST_INVALID_ITEM],['0x800f080d ']
210,2016-09-28,04:30:32,Info,CBS,Failed to get next element [HRESULT = 0x800f080d - CBS_E_MANIFEST_INVALID_ITEM],9c9f9113,Failed to get next element [HRESULT = <*>- CBS_E_MANIFEST_INVALID_ITEM],['0x800f080d ']
211,2016-09-28,04:30:32,Info,CBS,Warning: Unrecognized packageExtended attribute.,39b783c8,Warning: Unrecognized packageExtended attribute.,[]
212,2016-09-28,04:30:32,Info,CBS,Warning: Unrecognized packageExtended attribute.,39b783c8,Warning: Unrecognized packageExtended attribute.,[]
213,2016-09-28,04:30:32,Info,CBS,Expecting attribute name [HRESULT = 0x800f080d - CBS_E_MANIFEST_INVALID_ITEM],565f9069,Expecting attribute name [HRESULT = <*>- CBS_E_MANIFEST_INVALID_ITEM],['0x800f080d ']
214,2016-09-28,04:30:32,Info,CBS,Failed to get next element [HRESULT = 0x800f080d - CBS_E_MANIFEST_INVALID_ITEM],9c9f9113,Failed to get next element [HRESULT = <*>- CBS_E_MANIFEST_INVALID_ITEM],['0x800f080d ']
215,2016-09-28,04:30:32,Info,CBS,Warning: Unrecognized packageExtended attribute.,39b783c8,Warning: Unrecognized packageExtended attribute.,[]
216,2016-09-28,04:30:32,Info,CBS,Expecting attribute name [HRESULT = 0x800f080d - CBS_E_MANIFEST_INVALID_ITEM],565f9069,Expecting attribute name [HRESULT = <*>- CBS_E_MANIFEST_INVALID_ITEM],['0x800f080d ']
217,2016-09-28,04:30:32,Info,CBS,Failed to get next element [HRESULT = 0x800f080d - CBS_E_MANIFEST_INVALID_ITEM],9c9f9113,Failed to get next element [HRESULT = <*>- CBS_E_MANIFEST_INVALID_ITEM],['0x800f080d ']
218,2016-09-28,04:30:32,Info,CBS,Warning: Unrecognized packageExtended attribute.,39b783c8,Warning: Unrecognized packageExtended attribute.,[]
219,2016-09-28,04:30:32,Info,CBS,Expecting attribute name [HRESULT = 0x800f080d - CBS_E_MANIFEST_INVALID_ITEM],565f9069,Expecting attribute name [HRESULT = <*>- CBS_E_MANIFEST_INVALID_ITEM],['0x800f080d ']
220,2016-09-28,04:30:32,Info,CBS,Failed to get next element [HRESULT = 0x800f080d - CBS_E_MANIFEST_INVALID_ITEM],9c9f9113,Failed to get next element [HRESULT = <*>- CBS_E_MANIFEST_INVALID_ITEM],['0x800f080d ']
221,2016-09-28,04:30:32,Info,CBS,Warning: Unrecognized packageExtended attribute.,39b783c8,Warning: Unrecognized packageExtended attribute.,[]
222,2016-09-28,04:30:32,Info,CBS,Expecting attribute name [HRESULT = 0x800f080d - CBS_E_MANIFEST_INVALID_ITEM],565f9069,Expecting attribute name [HRESULT = <*>- CBS_E_MANIFEST_INVALID_ITEM],['0x800f080d ']
223,2016-09-28,04:30:32,Info,CBS,Failed to get next element [HRESULT = 0x800f080d - CBS_E_MANIFEST_INVALID_ITEM],9c9f9113,Failed to get next element [HRESULT = <*>- CBS_E_MANIFEST_INVALID_ITEM],['0x800f080d ']
224,2016-09-28,04:30:32,Info,CBS,Warning: Unrecognized packageExtended attribute.,39b783c8,Warning: Unrecognized packageExtended attribute.,[]
225,2016-09-28,04:30:32,Info,CBS,Warning: Unrecognized packageExtended attribute.,39b783c8,Warning: Unrecognized packageExtended attribute.,[]
226,2016-09-28,04:30:32,Info,CBS,Expecting attribute name [HRESULT = 0x800f080d - CBS_E_MANIFEST_INVALID_ITEM],565f9069,Expecting attribute name [HRESULT = <*>- CBS_E_MANIFEST_INVALID_ITEM],['0x800f080d ']
227,2016-09-28,04:30:32,Info,CBS,Failed to get next element [HRESULT = 0x800f080d - CBS_E_MANIFEST_INVALID_ITEM],9c9f9113,Failed to get next element [HRESULT = <*>- CBS_E_MANIFEST_INVALID_ITEM],['0x800f080d ']
228,2016-09-28,04:30:32,Info,CBS,Warning: Unrecognized packageExtended attribute.,39b783c8,Warning: Unrecognized packageExtended attribute.,[]
229,2016-09-28,04:30:32,Info,CBS,Expecting attribute name [HRESULT = 0x800f080d - CBS_E_MANIFEST_INVALID_ITEM],565f9069,Expecting attribute name [HRESULT = <*>- CBS_E_MANIFEST_INVALID_ITEM],['0x800f080d ']
230,2016-09-28,04:30:32,Info,CBS,Failed to get next element [HRESULT = 0x800f080d - CBS_E_MANIFEST_INVALID_ITEM],9c9f9113,Failed to get next element [HRESULT = <*>- CBS_E_MANIFEST_INVALID_ITEM],['0x800f080d ']
231,2016-09-28,04:30:32,Info,CBS,Warning: Unrecognized packageExtended attribute.,39b783c8,Warning: Unrecognized packageExtended attribute.,[]
232,2016-09-28,04:30:32,Info,CBS,Expecting attribute name [HRESULT = 0x800f080d - CBS_E_MANIFEST_INVALID_ITEM],565f9069,Expecting attribute name [HRESULT = <*>- CBS_E_MANIFEST_INVALID_ITEM],['0x800f080d ']
233,2016-09-28,04:30:32,Info,CBS,Failed to get next element [HRESULT = 0x800f080d - CBS_E_MANIFEST_INVALID_ITEM],9c9f9113,Failed to get next element [HRESULT = <*>- CBS_E_MANIFEST_INVALID_ITEM],['0x800f080d ']
234,2016-09-28,04:30:32,Info,CBS,Warning: Unrecognized packageExtended attribute.,39b783c8,Warning: Unrecognized packageExtended attribute.,[]
235,2016-09-28,04:30:32,Info,CBS,Expecting attribute name [HRESULT = 0x800f080d - CBS_E_MANIFEST_INVALID_ITEM],565f9069,Expecting attribute name [HRESULT = <*>- CBS_E_MANIFEST_INVALID_ITEM],['0x800f080d ']
236,2016-09-28,04:30:32,Info,CBS,Failed to get next element [HRESULT = 0x800f080d - CBS_E_MANIFEST_INVALID_ITEM],9c9f9113,Failed to get next element [HRESULT = <*>- CBS_E_MANIFEST_INVALID_ITEM],['0x800f080d ']
237,2016-09-28,04:30:32,Info,CBS,Warning: Unrecognized packageExtended attribute.,39b783c8,Warning: Unrecognized packageExtended attribute.,[]
238,2016-09-28,04:30:32,Info,CBS,Session: 30546173_4275933214 initialized by client WindowsUpdateAgent.,08fb5d73,Session: <*> initialized by client WindowsUpdateAgent.,['30546173_4275933214']
239,2016-09-28,04:30:33,Info,CBS,Warning: Unrecognized packageExtended attribute.,39b783c8,Warning: Unrecognized packageExtended attribute.,[]
240,2016-09-28,04:30:33,Info,CBS,Expecting attribute name [HRESULT = 0x800f080d - CBS_E_MANIFEST_INVALID_ITEM],565f9069,Expecting attribute name [HRESULT = <*>- CBS_E_MANIFEST_INVALID_ITEM],['0x800f080d ']
241,2016-09-28,04:30:33,Info,CBS,Failed to get next element [HRESULT = 0x800f080d - CBS_E_MANIFEST_INVALID_ITEM],9c9f9113,Failed to get next element [HRESULT = <*>- CBS_E_MANIFEST_INVALID_ITEM],['0x800f080d ']
242,2016-09-28,04:30:33,Info,CBS,Warning: Unrecognized packageExtended attribute.,39b783c8,Warning: Unrecognized packageExtended attribute.,[]
243,2016-09-28,04:30:33,Info,CBS,Expecting attribute name [HRESULT = 0x800f080d - CBS_E_MANIFEST_INVALID_ITEM],565f9069,Expecting attribute name [HRESULT = <*>- CBS_E_MANIFEST_INVALID_ITEM],['0x800f080d ']
244,2016-09-28,04:30:33,Info,CBS,Failed to get next element [HRESULT = 0x800f080d - CBS_E_MANIFEST_INVALID_ITEM],9c9f9113,Failed to get next element [HRESULT = <*>- CBS_E_MANIFEST_INVALID_ITEM],['0x800f080d ']
245,2016-09-28,04:30:33,Info,CBS,Warning: Unrecognized packageExtended attribute.,39b783c8,Warning: Unrecognized packageExtended attribute.,[]
246,2016-09-28,04:30:33,Info,CBS,Expecting attribute name [HRESULT = 0x800f080d - CBS_E_MANIFEST_INVALID_ITEM],565f9069,Expecting attribute name [HRESULT = <*>- CBS_E_MANIFEST_INVALID_ITEM],['0x800f080d ']
247,2016-09-28,04:30:33,Info,CBS,Failed to get next element [HRESULT = 0x800f080d - CBS_E_MANIFEST_INVALID_ITEM],9c9f9113,Failed to get next element [HRESULT = <*>- CBS_E_MANIFEST_INVALID_ITEM],['0x800f080d ']
248,2016-09-28,04:30:33,Info,CBS,Warning: Unrecognized packageExtended attribute.,39b783c8,Warning: Unrecognized packageExtended attribute.,[]
249,2016-09-28,04:30:33,Info,CBS,Expecting attribute name [HRESULT = 0x800f080d - CBS_E_MANIFEST_INVALID_ITEM],565f9069,Expecting attribute name [HRESULT = <*>- CBS_E_MANIFEST_INVALID_ITEM],['0x800f080d ']
250,2016-09-28,04:30:33,Info,CBS,Failed to get next element [HRESULT = 0x800f080d - CBS_E_MANIFEST_INVALID_ITEM],9c9f9113,Failed to get next element [HRESULT = <*>- CBS_E_MANIFEST_INVALID_ITEM],['0x800f080d ']
251,2016-09-28,04:30:33,Info,CBS,Warning: Unrecognized packageExtended attribute.,39b783c8,Warning: Unrecognized packageExtended attribute.,[]
252,2016-09-28,04:30:33,Info,CBS,Warning: Unrecognized packageExtended attribute.,39b783c8,Warning: Unrecognized packageExtended attribute.,[]
253,2016-09-28,04:30:33,Info,CBS,Expecting attribute name [HRESULT = 0x800f080d - CBS_E_MANIFEST_INVALID_ITEM],565f9069,Expecting attribute name [HRESULT = <*>- CBS_E_MANIFEST_INVALID_ITEM],['0x800f080d ']
254,2016-09-28,04:30:33,Info,CBS,Failed to get next element [HRESULT = 0x800f080d - CBS_E_MANIFEST_INVALID_ITEM],9c9f9113,Failed to get next element [HRESULT = <*>- CBS_E_MANIFEST_INVALID_ITEM],['0x800f080d ']
255,2016-09-28,04:30:33,Info,CBS,Warning: Unrecognized packageExtended attribute.,39b783c8,Warning: Unrecognized packageExtended attribute.,[]
256,2016-09-28,04:30:33,Info,CBS,Expecting attribute name [HRESULT = 0x800f080d - CBS_E_MANIFEST_INVALID_ITEM],565f9069,Expecting attribute name [HRESULT = <*>- CBS_E_MANIFEST_INVALID_ITEM],['0x800f080d ']
257,2016-09-28,04:30:33,Info,CBS,Failed to get next element [HRESULT = 0x800f080d - CBS_E_MANIFEST_INVALID_ITEM],9c9f9113,Failed to get next element [HRESULT = <*>- CBS_E_MANIFEST_INVALID_ITEM],['0x800f080d ']
258,2016-09-28,04:30:33,Info,CBS,Warning: Unrecognized packageExtended attribute.,39b783c8,Warning: Unrecognized packageExtended attribute.,[]
259,2016-09-28,04:30:33,Info,CBS,Expecting attribute name [HRESULT = 0x800f080d - CBS_E_MANIFEST_INVALID_ITEM],565f9069,Expecting attribute name [HRESULT = <*>- CBS_E_MANIFEST_INVALID_ITEM],['0x800f080d ']
260,2016-09-28,04:30:33,Info,CBS,Failed to get next element [HRESULT = 0x800f080d - CBS_E_MANIFEST_INVALID_ITEM],9c9f9113,Failed to get next element [HRESULT = <*>- CBS_E_MANIFEST_INVALID_ITEM],['0x800f080d ']
261,2016-09-28,04:30:33,Info,CBS,Warning: Unrecognized packageExtended attribute.,39b783c8,Warning: Unrecognized packageExtended attribute.,[]
262,2016-09-28,04:30:33,Info,CBS,Expecting attribute name [HRESULT = 0x800f080d - CBS_E_MANIFEST_INVALID_ITEM],565f9069,Expecting attribute name [HRESULT = <*>- CBS_E_MANIFEST_INVALID_ITEM],['0x800f080d ']
263,2016-09-28,04:30:33,Info,CBS,Failed to get next element [HRESULT = 0x800f080d - CBS_E_MANIFEST_INVALID_ITEM],9c9f9113,Failed to get next element [HRESULT = <*>- CBS_E_MANIFEST_INVALID_ITEM],['0x800f080d ']
264,2016-09-28,04:30:33,Info,CBS,Warning: Unrecognized packageExtended attribute.,39b783c8,Warning: Unrecognized packageExtended attribute.,[]
265,2016-09-28,04:30:33,Info,CBS,Warning: Unrecognized packageExtended attribute.,39b783c8,Warning: Unrecognized packageExtended attribute.,[]
266,2016-09-28,04:30:33,Info,CBS,Expecting attribute name [HRESULT = 0x800f080d - CBS_E_MANIFEST_INVALID_ITEM],565f9069,Expecting attribute name [HRESULT = <*>- CBS_E_MANIFEST_INVALID_ITEM],['0x800f080d ']
267,2016-09-28,04:30:33,Info,CBS,Failed to get next element [HRESULT = 0x800f080d - CBS_E_MANIFEST_INVALID_ITEM],9c9f9113,Failed to get next element [HRESULT = <*>- CBS_E_MANIFEST_INVALID_ITEM],['0x800f080d ']
268,2016-09-28,04:30:33,Info,CBS,Warning: Unrecognized packageExtended attribute.,39b783c8,Warning: Unrecognized packageExtended attribute.,[]
269,2016-09-28,04:30:33,Info,CBS,Expecting attribute name [HRESULT = 0x800f080d - CBS_E_MANIFEST_INVALID_ITEM],565f9069,Expecting attribute name [HRESULT = <*>- CBS_E_MANIFEST_INVALID_ITEM],['0x800f080d ']
270,2016-09-28,04:30:33,Info,CBS,Failed to get next element [HRESULT = 0x800f080d - CBS_E_MANIFEST_INVALID_ITEM],9c9f9113,Failed to get next element [HRESULT = <*>- CBS_E_MANIFEST_INVALID_ITEM],['0x800f080d ']
271,2016-09-28,04:30:33,Info,CBS,Warning: Unrecognized packageExtended attribute.,39b783c8,Warning: Unrecognized packageExtended attribute.,[]
272,2016-09-28,04:30:33,Info,CBS,Expecting attribute name [HRESULT = 0x800f080d - CBS_E_MANIFEST_INVALID_ITEM],565f9069,Expecting attribute name [HRESULT = <*>- CBS_E_MANIFEST_INVALID_ITEM],['0x800f080d ']
273,2016-09-28,04:30:33,Info,CBS,Failed to get next element [HRESULT = 0x800f080d - CBS_E_MANIFEST_INVALID_ITEM],9c9f9113,Failed to get next element [HRESULT = <*>- CBS_E_MANIFEST_INVALID_ITEM],['0x800f080d ']
274,2016-09-28,04:30:33,Info,CBS,Warning: Unrecognized packageExtended attribute.,39b783c8,Warning: Unrecognized packageExtended attribute.,[]
275,2016-09-28,04:30:33,Info,CBS,Expecting attribute name [HRESULT = 0x800f080d - CBS_E_MANIFEST_INVALID_ITEM],565f9069,Expecting attribute name [HRESULT = <*>- CBS_E_MANIFEST_INVALID_ITEM],['0x800f080d ']
276,2016-09-28,04:30:33,Info,CBS,Failed to get next element [HRESULT = 0x800f080d - CBS_E_MANIFEST_INVALID_ITEM],9c9f9113,Failed to get next element [HRESULT = <*>- CBS_E_MANIFEST_INVALID_ITEM],['0x800f080d ']
277,2016-09-28,04:30:33,Info,CBS,Warning: Unrecognized packageExtended attribute.,39b783c8,Warning: Unrecognized packageExtended attribute.,[]
278,2016-09-28,04:30:33,Info,CBS,Warning: Unrecognized packageExtended attribute.,39b783c8,Warning: Unrecognized packageExtended attribute.,[]
279,2016-09-28,04:30:33,Info,CBS,Expecting attribute name [HRESULT = 0x800f080d - CBS_E_MANIFEST_INVALID_ITEM],565f9069,Expecting attribute name [HRESULT = <*>- CBS_E_MANIFEST_INVALID_ITEM],['0x800f080d ']
280,2016-09-28,04:30:33,Info,CBS,Failed to get next element [HRESULT = 0x800f080d - CBS_E_MANIFEST_INVALID_ITEM],9c9f9113,Failed to get next element [HRESULT = <*>- CBS_E_MANIFEST_INVALID_ITEM],['0x800f080d ']
281,2016-09-28,04:30:33,Info,CBS,Warning: Unrecognized packageExtended attribute.,39b783c8,Warning: Unrecognized packageExtended attribute.,[]
282,2016-09-28,04:30:33,Info,CBS,Expecting attribute name [HRESULT = 0x800f080d - CBS_E_MANIFEST_INVALID_ITEM],565f9069,Expecting attribute name [HRESULT = <*>- CBS_E_MANIFEST_INVALID_ITEM],['0x800f080d ']
283,2016-09-28,04:30:33,Info,CBS,Failed to get next element [HRESULT = 0x800f080d - CBS_E_MANIFEST_INVALID_ITEM],9c9f9113,Failed to get next element [HRESULT = <*>- CBS_E_MANIFEST_INVALID_ITEM],['0x800f080d ']
284,2016-09-28,04:30:33,Info,CBS,Warning: Unrecognized packageExtended attribute.,39b783c8,Warning: Unrecognized packageExtended attribute.,[]
285,2016-09-28,04:30:33,Info,CBS,Expecting attribute name [HRESULT = 0x800f080d - CBS_E_MANIFEST_INVALID_ITEM],565f9069,Expecting attribute name [HRESULT = <*>- CBS_E_MANIFEST_INVALID_ITEM],['0x800f080d ']
286,2016-09-28,04:30:33,Info,CBS,Failed to get next element [HRESULT = 0x800f080d - CBS_E_MANIFEST_INVALID_ITEM],9c9f9113,Failed to get next element [HRESULT = <*>- CBS_E_MANIFEST_INVALID_ITEM],['0x800f080d ']
287,2016-09-28,04:30:33,Info,CBS,Warning: Unrecognized packageExtended attribute.,39b783c8,Warning: Unrecognized packageExtended attribute.,[]
288,2016-09-28,04:30:33,Info,CBS,Expecting attribute name [HRESULT = 0x800f080d - CBS_E_MANIFEST_INVALID_ITEM],565f9069,Expecting attribute name [HRESULT = <*>- CBS_E_MANIFEST_INVALID_ITEM],['0x800f080d ']
289,2016-09-28,04:30:33,Info,CBS,Failed to get next element [HRESULT = 0x800f080d - CBS_E_MANIFEST_INVALID_ITEM],9c9f9113,Failed to get next element [HRESULT = <*>- CBS_E_MANIFEST_INVALID_ITEM],['0x800f080d ']
290,2016-09-28,04:30:33,Info,CBS,Warning: Unrecognized packageExtended attribute.,39b783c8,Warning: Unrecognized packageExtended attribute.,[]
291,2016-09-28,04:30:33,Info,CBS,Warning: Unrecognized packageExtended attribute.,39b783c8,Warning: Unrecognized packageExtended attribute.,[]
292,2016-09-28,04:30:33,Info,CBS,Expecting attribute name [HRESULT = 0x800f080d - CBS_E_MANIFEST_INVALID_ITEM],565f9069,Expecting attribute name [HRESULT = <*>- CBS_E_MANIFEST_INVALID_ITEM],['0x800f080d ']
293,2016-09-28,04:30:33,Info,CBS,Failed to get next element [HRESULT = 0x800f080d - CBS_E_MANIFEST_INVALID_ITEM],9c9f9113,Failed to get next element [HRESULT = <*>- CBS_E_MANIFEST_INVALID_ITEM],['0x800f080d ']
294,2016-09-28,04:30:33,Info,CBS,Warning: Unrecognized packageExtended attribute.,39b783c8,Warning: Unrecognized packageExtended attribute.,[]
295,2016-09-28,04:30:33,Info,CBS,Expecting attribute name [HRESULT = 0x800f080d - CBS_E_MANIFEST_INVALID_ITEM],565f9069,Expecting attribute name [HRESULT = <*>- CBS_E_MANIFEST_INVALID_ITEM],['0x800f080d ']
296,2016-09-28,04:30:33,Info,CBS,Failed to get next element [HRESULT = 0x800f080d - CBS_E_MANIFEST_INVALID_ITEM],9c9f9113,Failed to get next element [HRESULT = <*>- CBS_E_MANIFEST_INVALID_ITEM],['0x800f080d ']
297,2016-09-28,04:30:33,Info,CBS,Warning: Unrecognized packageExtended attribute.,39b783c8,Warning: Unrecognized packageExtended attribute.,[]
298,2016-09-28,04:30:33,Info,CBS,Expecting attribute name [HRESULT = 0x800f080d - CBS_E_MANIFEST_INVALID_ITEM],565f9069,Expecting attribute name [HRESULT = <*>- CBS_E_MANIFEST_INVALID_ITEM],['0x800f080d ']
299,2016-09-28,04:30:33,Info,CBS,Failed to get next element [HRESULT = 0x800f080d - CBS_E_MANIFEST_INVALID_ITEM],9c9f9113,Failed to get next element [HRESULT = <*>- CBS_E_MANIFEST_INVALID_ITEM],['0x800f080d ']
300,2016-09-28,04:30:33,Info,CBS,Warning: Unrecognized packageExtended attribute.,39b783c8,Warning: Unrecognized packageExtended attribute.,[]
301,2016-09-28,04:30:33,Info,CBS,Expecting attribute name [HRESULT = 0x800f080d - CBS_E_MANIFEST_INVALID_ITEM],565f9069,Expecting attribute name [HRESULT = <*>- CBS_E_MANIFEST_INVALID_ITEM],['0x800f080d ']
302,2016-09-28,04:30:33,Info,CBS,Failed to get next element [HRESULT = 0x800f080d - CBS_E_MANIFEST_INVALID_ITEM],9c9f9113,Failed to get next element [HRESULT = <*>- CBS_E_MANIFEST_INVALID_ITEM],['0x800f080d ']
303,2016-09-28,04:30:33,Info,CBS,Warning: Unrecognized packageExtended attribute.,39b783c8,Warning: Unrecognized packageExtended attribute.,[]
304,2016-09-28,04:30:33,Info,CBS,Warning: Unrecognized packageExtended attribute.,39b783c8,Warning: Unrecognized packageExtended attribute.,[]
305,2016-09-28,04:30:33,Info,CBS,Expecting attribute name [HRESULT = 0x800f080d - CBS_E_MANIFEST_INVALID_ITEM],565f9069,Expecting attribute name [HRESULT = <*>- CBS_E_MANIFEST_INVALID_ITEM],['0x800f080d ']
306,2016-09-28,04:30:33,Info,CBS,Failed to get next element [HRESULT = 0x800f080d - CBS_E_MANIFEST_INVALID_ITEM],9c9f9113,Failed to get next element [HRESULT = <*>- CBS_E_MANIFEST_INVALID_ITEM],['0x800f080d ']
307,2016-09-28,04:30:33,Info,CBS,Warning: Unrecognized packageExtended attribute.,39b783c8,Warning: Unrecognized packageExtended attribute.,[]
308,2016-09-28,04:30:33,Info,CBS,Expecting attribute name [HRESULT = 0x800f080d - CBS_E_MANIFEST_INVALID_ITEM],565f9069,Expecting attribute name [HRESULT = <*>- CBS_E_MANIFEST_INVALID_ITEM],['0x800f080d ']
309,2016-09-28,04:30:33,Info,CBS,Failed to get next element [HRESULT = 0x800f080d - CBS_E_MANIFEST_INVALID_ITEM],9c9f9113,Failed to get next element [HRESULT = <*>- CBS_E_MANIFEST_INVALID_ITEM],['0x800f080d ']
310,2016-09-28,04:30:33,Info,CBS,Warning: Unrecognized packageExtended attribute.,39b783c8,Warning: Unrecognized packageExtended attribute.,[]
311,2016-09-28,04:30:33,Info,CBS,Expecting attribute name [HRESULT = 0x800f080d - CBS_E_MANIFEST_INVALID_ITEM],565f9069,Expecting attribute name [HRESULT = <*>- CBS_E_MANIFEST_INVALID_ITEM],['0x800f080d ']
312,2016-09-28,04:30:33,Info,CBS,Failed to get next element [HRESULT = 0x800f080d - CBS_E_MANIFEST_INVALID_ITEM],9c9f9113,Failed to get next element [HRESULT = <*>- CBS_E_MANIFEST_INVALID_ITEM],['0x800f080d ']
313,2016-09-28,04:30:33,Info,CBS,Warning: Unrecognized packageExtended attribute.,39b783c8,Warning: Unrecognized packageExtended attribute.,[]
314,2016-09-28,04:30:33,Info,CBS,Expecting attribute name [HRESULT = 0x800f080d - CBS_E_MANIFEST_INVALID_ITEM],565f9069,Expecting attribute name [HRESULT = <*>- CBS_E_MANIFEST_INVALID_ITEM],['0x800f080d ']
315,2016-09-28,04:30:33,Info,CBS,Failed to get next element [HRESULT = 0x800f080d - CBS_E_MANIFEST_INVALID_ITEM],9c9f9113,Failed to get next element [HRESULT = <*>- CBS_E_MANIFEST_INVALID_ITEM],['0x800f080d ']
316,2016-09-28,04:30:33,Info,CBS,Warning: Unrecognized packageExtended attribute.,39b783c8,Warning: Unrecognized packageExtended attribute.,[]
317,2016-09-28,04:30:33,Info,CBS,Warning: Unrecognized packageExtended attribute.,39b783c8,Warning: Unrecognized packageExtended attribute.,[]
318,2016-09-28,04:30:33,Info,CBS,Expecting attribute name [HRESULT = 0x800f080d - CBS_E_MANIFEST_INVALID_ITEM],565f9069,Expecting attribute name [HRESULT = <*>- CBS_E_MANIFEST_INVALID_ITEM],['0x800f080d ']
319,2016-09-28,04:30:33,Info,CBS,Failed to get next element [HRESULT = 0x800f080d - CBS_E_MANIFEST_INVALID_ITEM],9c9f9113,Failed to get next element [HRESULT = <*>- CBS_E_MANIFEST_INVALID_ITEM],['0x800f080d ']
320,2016-09-28,04:30:33,Info,CBS,Warning: Unrecognized packageExtended attribute.,39b783c8,Warning: Unrecognized packageExtended attribute.,[]
321,2016-09-28,04:30:33,Info,CBS,Expecting attribute name [HRESULT = 0x800f080d - CBS_E_MANIFEST_INVALID_ITEM],565f9069,Expecting attribute name [HRESULT = <*>- CBS_E_MANIFEST_INVALID_ITEM],['0x800f080d ']
322,2016-09-28,04:30:33,Info,CBS,Failed to get next element [HRESULT = 0x800f080d - CBS_E_MANIFEST_INVALID_ITEM],9c9f9113,Failed to get next element [HRESULT = <*>- CBS_E_MANIFEST_INVALID_ITEM],['0x800f080d ']
323,2016-09-28,04:30:33,Info,CBS,Warning: Unrecognized packageExtended attribute.,39b783c8,Warning: Unrecognized packageExtended attribute.,[]
324,2016-09-28,04:30:33,Info,CBS,Expecting attribute name [HRESULT = 0x800f080d - CBS_E_MANIFEST_INVALID_ITEM],565f9069,Expecting attribute name [HRESULT = <*>- CBS_E_MANIFEST_INVALID_ITEM],['0x800f080d ']
325,2016-09-28,04:30:33,Info,CBS,Failed to get next element [HRESULT = 0x800f080d - CBS_E_MANIFEST_INVALID_ITEM],9c9f9113,Failed to get next element [HRESULT = <*>- CBS_E_MANIFEST_INVALID_ITEM],['0x800f080d ']
326,2016-09-28,04:30:33,Info,CBS,Warning: Unrecognized packageExtended attribute.,39b783c8,Warning: Unrecognized packageExtended attribute.,[]
327,2016-09-28,04:30:33,Info,CBS,Expecting attribute name [HRESULT = 0x800f080d - CBS_E_MANIFEST_INVALID_ITEM],565f9069,Expecting attribute name [HRESULT = <*>- CBS_E_MANIFEST_INVALID_ITEM],['0x800f080d ']
328,2016-09-28,04:30:33,Info,CBS,Failed to get next element [HRESULT = 0x800f080d - CBS_E_MANIFEST_INVALID_ITEM],9c9f9113,Failed to get next element [HRESULT = <*>- CBS_E_MANIFEST_INVALID_ITEM],['0x800f080d ']
329,2016-09-28,04:30:33,Info,CBS,Warning: Unrecognized packageExtended attribute.,39b783c8,Warning: Unrecognized packageExtended attribute.,[]
330,2016-09-28,04:30:33,Info,CBS,Warning: Unrecognized packageExtended attribute.,39b783c8,Warning: Unrecognized packageExtended attribute.,[]
331,2016-09-28,04:30:33,Info,CBS,Expecting attribute name [HRESULT = 0x800f080d - CBS_E_MANIFEST_INVALID_ITEM],565f9069,Expecting attribute name [HRESULT = <*>- CBS_E_MANIFEST_INVALID_ITEM],['0x800f080d ']
332,2016-09-28,04:30:33,Info,CBS,Failed to get next element [HRESULT = 0x800f080d - CBS_E_MANIFEST_INVALID_ITEM],9c9f9113,Failed to get next element [HRESULT = <*>- CBS_E_MANIFEST_INVALID_ITEM],['0x800f080d ']
333,2016-09-28,04:30:33,Info,CBS,Warning: Unrecognized packageExtended attribute.,39b783c8,Warning: Unrecognized packageExtended attribute.,[]
334,2016-09-28,04:30:33,Info,CBS,Expecting attribute name [HRESULT = 0x800f080d - CBS_E_MANIFEST_INVALID_ITEM],565f9069,Expecting attribute name [HRESULT = <*>- CBS_E_MANIFEST_INVALID_ITEM],['0x800f080d ']
335,2016-09-28,04:30:33,Info,CBS,Failed to get next element [HRESULT = 0x800f080d - CBS_E_MANIFEST_INVALID_ITEM],9c9f9113,Failed to get next element [HRESULT = <*>- CBS_E_MANIFEST_INVALID_ITEM],['0x800f080d ']
336,2016-09-28,04:30:33,Info,CBS,Warning: Unrecognized packageExtended attribute.,39b783c8,Warning: Unrecognized packageExtended attribute.,[]
337,2016-09-28,04:30:33,Info,CBS,Expecting attribute name [HRESULT = 0x800f080d - CBS_E_MANIFEST_INVALID_ITEM],565f9069,Expecting attribute name [HRESULT = <*>- CBS_E_MANIFEST_INVALID_ITEM],['0x800f080d ']
338,2016-09-28,04:30:33,Info,CBS,Failed to get next element [HRESULT = 0x800f080d - CBS_E_MANIFEST_INVALID_ITEM],9c9f9113,Failed to get next element [HRESULT = <*>- CBS_E_MANIFEST_INVALID_ITEM],['0x800f080d ']
339,2016-09-28,04:30:33,Info,CBS,Warning: Unrecognized packageExtended attribute.,39b783c8,Warning: Unrecognized packageExtended attribute.,[]
340,2016-09-28,04:30:33,Info,CBS,Expecting attribute name [HRESULT = 0x800f080d - CBS_E_MANIFEST_INVALID_ITEM],565f9069,Expecting attribute name [HRESULT = <*>- CBS_E_MANIFEST_INVALID_ITEM],['0x800f080d ']
341,2016-09-28,04:30:33,Info,CBS,Failed to get next element [HRESULT = 0x800f080d - CBS_E_MANIFEST_INVALID_ITEM],9c9f9113,Failed to get next element [HRESULT = <*>- CBS_E_MANIFEST_INVALID_ITEM],['0x800f080d ']
342,2016-09-28,04:30:33,Info,CBS,Warning: Unrecognized packageExtended attribute.,39b783c8,Warning: Unrecognized packageExtended attribute.,[]
343,2016-09-28,04:30:33,Info,CBS,Session: 30546173_4280593480 initialized by client WindowsUpdateAgent.,08fb5d73,Session: <*> initialized by client WindowsUpdateAgent.,['30546173_4280593480']
344,2016-09-28,04:30:33,Info,CBS,Failed to internally open package. [HRESULT = 0x800f0805 - CBS_E_INVALID_PACKAGE],39c8b4cc,Failed to internally open package. [HRESULT = <*>- CBS_E_INVALID_PACKAGE],['0x800f0805 ']
345,2016-09-28,04:30:33,Info,CBS,Session: 30546173_4280603481 initialized by client WindowsUpdateAgent.,08fb5d73,Session: <*> initialized by client WindowsUpdateAgent.,['30546173_4280603481']
346,2016-09-28,04:30:33,Info,CBS,Failed to internally open package. [HRESULT = 0x800f0805 - CBS_E_INVALID_PACKAGE],39c8b4cc,Failed to internally open package. [HRESULT = <*>- CBS_E_INVALID_PACKAGE],['0x800f0805 ']
347,2016-09-28,04:30:33,Info,CBS,Session: 30546173_4280613482 initialized by client WindowsUpdateAgent.,08fb5d73,Session: <*> initialized by client WindowsUpdateAgent.,['30546173_4280613482']
348,2016-09-28,04:30:33,Info,CBS,Failed to internally open package. [HRESULT = 0x800f0805 - CBS_E_INVALID_PACKAGE],39c8b4cc,Failed to internally open package. [HRESULT = <*>- CBS_E_INVALID_PACKAGE],['0x800f0805 ']
349,2016-09-28,04:30:33,Info,CBS,Session: 30546173_4280613483 initialized by client WindowsUpdateAgent.,08fb5d73,Session: <*> initialized by client WindowsUpdateAgent.,['30546173_4280613483']
350,2016-09-28,04:30:33,Info,CBS,Failed to internally open package. [HRESULT = 0x800f0805 - CBS_E_INVALID_PACKAGE],39c8b4cc,Failed to internally open package. [HRESULT = <*>- CBS_E_INVALID_PACKAGE],['0x800f0805 ']
351,2016-09-28,04:30:33,Info,CBS,Session: 30546173_4280623482 initialized by client WindowsUpdateAgent.,08fb5d73,Session: <*> initialized by client WindowsUpdateAgent.,['30546173_4280623482']
352,2016-09-28,04:30:33,Info,CBS,Failed to internally open package. [HRESULT = 0x800f0805 - CBS_E_INVALID_PACKAGE],39c8b4cc,Failed to internally open package. [HRESULT = <*>- CBS_E_INVALID_PACKAGE],['0x800f0805 ']
353,2016-09-28,04:30:33,Info,CBS,Session: 30546173_4280633483 initialized by client WindowsUpdateAgent.,08fb5d73,Session: <*> initialized by client WindowsUpdateAgent.,['30546173_4280633483']
354,2016-09-28,04:30:33,Info,CBS,Failed to internally open package. [HRESULT = 0x800f0805 - CBS_E_INVALID_PACKAGE],39c8b4cc,Failed to internally open package. [HRESULT = <*>- CBS_E_INVALID_PACKAGE],['0x800f0805 ']
355,2016-09-28,04:30:33,Info,CBS,Session: 30546173_4280633484 initialized by client WindowsUpdateAgent.,08fb5d73,Session: <*> initialized by client WindowsUpdateAgent.,['30546173_4280633484']
356,2016-09-28,04:30:33,Info,CBS,Failed to internally open package. [HRESULT = 0x800f0805 - CBS_E_INVALID_PACKAGE],39c8b4cc,Failed to internally open package. [HRESULT = <*>- CBS_E_INVALID_PACKAGE],['0x800f0805 ']
357,2016-09-28,04:30:33,Info,CBS,Session: 30546173_4281313522 initialized by client WindowsUpdateAgent.,08fb5d73,Session: <*> initialized by client WindowsUpdateAgent.,['30546173_4281313522']
358,2016-09-28,04:30:33,Info,CBS,Session: 30546173_4285113739 initialized by client WindowsUpdateAgent.,08fb5d73,Session: <*> initialized by client WindowsUpdateAgent.,['30546173_4285113739']
359,2016-09-28,04:30:33,Info,CBS,"Read out cached package applicability for package: Package_for_KB3121255~31bf3856ad364e35~amd64~~6.1.1.0, ApplicableState: 112, CurrentState:112",28e57347,Read out cached package applicability for package: <*> ApplicableState: <*> <*>,"['Package_for_KB3121255~31bf3856ad364e35~amd64~~6.1.1.0,', '112, CurrentState:112']"
360,2016-09-28,04:30:33,Info,CBS,Session: 30546173_4286503818 initialized by client WindowsUpdateAgent.,08fb5d73,Session: <*> initialized by client WindowsUpdateAgent.,['30546173_4286503818']
361,2016-09-28,04:30:33,Info,CBS,"Read out cached package applicability for package: Package_for_KB2656356~31bf3856ad364e35~amd64~~6.1.1.1, ApplicableState: 80, CurrentState:112",28e57347,Read out cached package applicability for package: <*> ApplicableState: <*> <*>,"['Package_for_KB2656356~31bf3856ad364e35~amd64~~6.1.1.1,', '80, CurrentState:112']"
362,2016-09-28,04:30:33,Info,CBS,Session: 30546173_4286853838 initialized by client WindowsUpdateAgent.,08fb5d73,Session: <*> initialized by client WindowsUpdateAgent.,['30546173_4286853838']
363,2016-09-28,04:30:33,Info,CBS,"Read out cached package applicability for package: Package_for_KB3108664~31bf3856ad364e35~amd64~~6.1.1.0, ApplicableState: 112, CurrentState:112",28e57347,Read out cached package applicability for package: <*> ApplicableState: <*> <*>,"['Package_for_KB3108664~31bf3856ad364e35~amd64~~6.1.1.0,', '112, CurrentState:112']"
364,2016-09-28,04:30:33,Info,CBS,Session: 30546173_4286873840 initialized by client WindowsUpdateAgent.,08fb5d73,Session: <*> initialized by client WindowsUpdateAgent.,['30546173_4286873840']
365,2016-09-28,04:30:33,Info,CBS,"Read out cached package applicability for package: Package_for_KB3115858~31bf3856ad364e35~amd64~~6.1.1.0, ApplicableState: 80, CurrentState:112",28e57347,Read out cached package applicability for package: <*> ApplicableState: <*> <*>,"['Package_for_KB3115858~31bf3856ad364e35~amd64~~6.1.1.0,', '80, CurrentState:112']"
366,2016-09-28,04:30:34,Info,CBS,Session: 30546173_4289083966 initialized by client WindowsUpdateAgent.,08fb5d73,Session: <*> initialized by client WindowsUpdateAgent.,['30546173_4289083966']
367,2016-09-28,04:30:34,Info,CBS,"Read out cached package applicability for package: Package_for_KB3127220~31bf3856ad364e35~amd64~~6.1.1.0, ApplicableState: 112, CurrentState:112",28e57347,Read out cached package applicability for package: <*> ApplicableState: <*> <*>,"['Package_for_KB3127220~31bf3856ad364e35~amd64~~6.1.1.0,', '112, CurrentState:112']"
368,2016-09-28,04:30:34,Info,CBS,Session: 30546173_4289704001 initialized by client WindowsUpdateAgent.,08fb5d73,Session: <*> initialized by client WindowsUpdateAgent.,['30546173_4289704001']
369,2016-09-28,04:30:34,Info,CBS,"Read out cached package applicability for package: Package_for_KB3060716~31bf3856ad364e35~amd64~~6.1.1.0, ApplicableState: 112, CurrentState:112",28e57347,Read out cached package applicability for package: <*> ApplicableState: <*> <*>,"['Package_for_KB3060716~31bf3856ad364e35~amd64~~6.1.1.0,', '112, CurrentState:112']"
370,2016-09-28,04:30:34,Info,CBS,Session: 30546173_4294144255 initialized by client WindowsUpdateAgent.,08fb5d73,Session: <*> initialized by client WindowsUpdateAgent.,['30546173_4294144255']
371,2016-09-28,04:30:34,Info,CBS,"Read out cached package applicability for package: Package_for_KB3006137~31bf3856ad364e35~amd64~~6.1.1.0, ApplicableState: 112, CurrentState:112",28e57347,Read out cached package applicability for package: <*> ApplicableState: <*> <*>,"['Package_for_KB3006137~31bf3856ad364e35~amd64~~6.1.1.0,', '112, CurrentState:112']"
372,2016-09-28,04:30:34,Info,CBS,Session: 30546173_4294174257 initialized by client WindowsUpdateAgent.,08fb5d73,Session: <*> initialized by client WindowsUpdateAgent.,['30546173_4294174257']
373,2016-09-28,04:30:34,Info,CBS,"Read out cached package applicability for package: Package_for_KB3067903~31bf3856ad364e35~amd64~~6.1.1.0, ApplicableState: 112, CurrentState:112",28e57347,Read out cached package applicability for package: <*> ApplicableState: <*> <*>,"['Package_for_KB3067903~31bf3856ad364e35~amd64~~6.1.1.0,', '112, CurrentState:112']"
374,2016-09-28,04:30:34,Info,CBS,Session: 30546174_187017 initialized by client WindowsUpdateAgent.,08fb5d73,Session: <*> initialized by client WindowsUpdateAgent.,['30546174_187017']
375,2016-09-28,04:30:34,Info,CBS,"Read out cached package applicability for package: Package_for_KB3086255~31bf3856ad364e35~amd64~~6.1.1.0, ApplicableState: 112, CurrentState:112",28e57347,Read out cached package applicability for package: <*> ApplicableState: <*> <*>,"['Package_for_KB3086255~31bf3856ad364e35~amd64~~6.1.1.0,', '112, CurrentState:112']"
376,2016-09-28,04:30:34,Info,CBS,Session: 30546174_857056 initialized by client WindowsUpdateAgent.,08fb5d73,Session: <*> initialized by client WindowsUpdateAgent.,['30546174_857056']
377,2016-09-28,04:30:34,Info,CBS,"Read out cached package applicability for package: Package_for_KB3146706~31bf3856ad364e35~amd64~~6.1.1.2, ApplicableState: 112, CurrentState:112",28e57347,Read out cached package applicability for package: <*> ApplicableState: <*> <*>,"['Package_for_KB3146706~31bf3856ad364e35~amd64~~6.1.1.2,', '112, CurrentState:112']"
378,2016-09-28,04:30:34,Info,CBS,Session: 30546174_1497092 initialized by client WindowsUpdateAgent.,08fb5d73,Session: <*> initialized by client WindowsUpdateAgent.,['30546174_1497092']
379,2016-09-28,04:30:34,Info,CBS,"Read out cached package applicability for package: Package_for_KB3182203~31bf3856ad364e35~amd64~~6.1.1.1, ApplicableState: 112, CurrentState:112",28e57347,Read out cached package applicability for package: <*> ApplicableState: <*> <*>,"['Package_for_KB3182203~31bf3856ad364e35~amd64~~6.1.1.1,', '112, CurrentState:112']"
380,2016-09-28,04:30:34,Info,CBS,Session: 30546174_1767108 initialized by client WindowsUpdateAgent.,08fb5d73,Session: <*> initialized by client WindowsUpdateAgent.,['30546174_1767108']
381,2016-09-28,04:30:34,Info,CBS,"Read out cached package applicability for package: Package_for_KB3075226~31bf3856ad364e35~amd64~~6.1.1.1, ApplicableState: 112, CurrentState:112",28e57347,Read out cached package applicability for package: <*> ApplicableState: <*> <*>,"['Package_for_KB3075226~31bf3856ad364e35~amd64~~6.1.1.1,', '112, CurrentState:112']"
382,2016-09-28,04:30:34,Info,CBS,Session: 30546174_2037123 initialized by client WindowsUpdateAgent.,08fb5d73,Session: <*> initialized by client WindowsUpdateAgent.,['30546174_2037123']
383,2016-09-28,04:30:35,Info,CBS,"Read out cached package applicability for package: Package_for_KB3185319~31bf3856ad364e35~amd64~~11.2.1.0, ApplicableState: 112, CurrentState:112",28e57347,Read out cached package applicability for package: <*> ApplicableState: <*> <*>,"['Package_for_KB3185319~31bf3856ad364e35~amd64~~11.2.1.0,', '112, CurrentState:112']"
384,2016-09-28,04:30:35,Info,CBS,Session: 30546174_2217133 initialized by client WindowsUpdateAgent.,08fb5d73,Session: <*> initialized by client WindowsUpdateAgent.,['30546174_2217133']
385,2016-09-28,04:30:35,Info,CBS,Session: 30546174_2817168 initialized by client WindowsUpdateAgent.,08fb5d73,Session: <*> initialized by client WindowsUpdateAgent.,['30546174_2817168']
386,2016-09-28,04:30:35,Info,CBS,"Read out cached package applicability for package: Package_for_KB3033929~31bf3856ad364e35~amd64~~6.1.1.1, ApplicableState: 80, CurrentState:112",28e57347,Read out cached package applicability for package: <*> ApplicableState: <*> <*>,"['Package_for_KB3033929~31bf3856ad364e35~amd64~~6.1.1.1,', '80, CurrentState:112']"
387,2016-09-28,04:30:35,Info,CBS,Session: 30546174_8087469 initialized by client WindowsUpdateAgent.,08fb5d73,Session: <*> initialized by client WindowsUpdateAgent.,['30546174_8087469']
388,2016-09-28,04:30:35,Info,CBS,"Read out cached package applicability for package: Package_for_KB2978742~31bf3856ad364e35~amd64~~6.1.1.0, ApplicableState: 112, CurrentState:112",28e57347,Read out cached package applicability for package: <*> ApplicableState: <*> <*>,"['Package_for_KB2978742~31bf3856ad364e35~amd64~~6.1.1.0,', '112, CurrentState:112']"
389,2016-09-28,04:30:35,Info,CBS,Session: 30546174_9517551 initialized by client WindowsUpdateAgent.,08fb5d73,Session: <*> initialized by client WindowsUpdateAgent.,['30546174_9517551']
390,2016-09-28,04:30:35,Info,CBS,"Read out cached package applicability for package: Package_for_KB3177186~31bf3856ad364e35~amd64~~6.1.1.1, ApplicableState: 112, CurrentState:112",28e57347,Read out cached package applicability for package: <*> ApplicableState: <*> <*>,"['Package_for_KB3177186~31bf3856ad364e35~amd64~~6.1.1.1,', '112, CurrentState:112']"
391,2016-09-28,04:30:35,Info,CBS,Session: 30546174_9817568 initialized by client WindowsUpdateAgent.,08fb5d73,Session: <*> initialized by client WindowsUpdateAgent.,['30546174_9817568']
392,2016-09-28,04:30:35,Info,CBS,"Read out cached package applicability for package: Package_for_KB3055642~31bf3856ad364e35~amd64~~6.1.1.0, ApplicableState: 112, CurrentState:112",28e57347,Read out cached package applicability for package: <*> ApplicableState: <*> <*>,"['Package_for_KB3055642~31bf3856ad364e35~amd64~~6.1.1.0,', '112, CurrentState:112']"
393,2016-09-28,04:30:35,Info,CBS,Session: 30546174_9927574 initialized by client WindowsUpdateAgent.,08fb5d73,Session: <*> initialized by client WindowsUpdateAgent.,['30546174_9927574']
394,2016-09-28,04:30:35,Info,CBS,"Read out cached package applicability for package: Package_for_KB3078601~31bf3856ad364e35~amd64~~6.1.1.5, ApplicableState: 112, CurrentState:112",28e57347,Read out cached package applicability for package: <*> ApplicableState: <*> <*>,"['Package_for_KB3078601~31bf3856ad364e35~amd64~~6.1.1.5,', '112, CurrentState:112']"
395,2016-09-28,04:30:35,Info,CBS,Session: 30546174_10127586 initialized by client WindowsUpdateAgent.,08fb5d73,Session: <*> initialized by client WindowsUpdateAgent.,['30546174_10127586']
396,2016-09-28,04:30:35,Info,CBS,"Read out cached package applicability for package: Package_for_KB3147071~31bf3856ad364e35~amd64~~6.1.1.1, ApplicableState: 112, CurrentState:112",28e57347,Read out cached package applicability for package: <*> ApplicableState: <*> <*>,"['Package_for_KB3147071~31bf3856ad364e35~amd64~~6.1.1.1,', '112, CurrentState:112']"
397,2016-09-28,04:30:35,Info,CBS,Session: 30546174_10517608 initialized by client WindowsUpdateAgent.,08fb5d73,Session: <*> initialized by client WindowsUpdateAgent.,['30546174_10517608']
398,2016-09-28,04:30:35,Info,CBS,"Read out cached package applicability for package: Package_for_KB3019978~31bf3856ad364e35~amd64~~6.1.1.2, ApplicableState: 80, CurrentState:0",28e57347,Read out cached package applicability for package: <*> ApplicableState: <*> <*>,"['Package_for_KB3019978~31bf3856ad364e35~amd64~~6.1.1.2,', '80, CurrentState:0']"
399,2016-09-28,04:30:35,Info,CBS,Session: 30546174_10537609 initialized by client WindowsUpdateAgent.,08fb5d73,Session: <*> initialized by client WindowsUpdateAgent.,['30546174_10537609']
400,2016-09-28,04:30:35,Info,CBS,"Read out cached package applicability for package: Package_for_KB2563227~31bf3856ad364e35~amd64~~6.1.1.0, ApplicableState: 112, CurrentState:112",28e57347,Read out cached package applicability for package: <*> ApplicableState: <*> <*>,"['Package_for_KB2563227~31bf3856ad364e35~amd64~~6.1.1.0,', '112, CurrentState:112']"
401,2016-09-28,04:30:35,Info,CBS,Session: 30546174_11037638 initialized by client WindowsUpdateAgent.,08fb5d73,Session: <*> initialized by client WindowsUpdateAgent.,['30546174_11037638']
402,2016-09-28,04:30:36,Info,CBS,"Read out cached package applicability for package: Package_for_KB3126587~31bf3856ad364e35~amd64~~6.1.1.1, ApplicableState: 112, CurrentState:112",28e57347,Read out cached package applicability for package: <*> ApplicableState: <*> <*>,"['Package_for_KB3126587~31bf3856ad364e35~amd64~~6.1.1.1,', '112, CurrentState:112']"
403,2016-09-28,04:30:36,Info,CBS,Session: 30546174_17007979 initialized by client WindowsUpdateAgent.,08fb5d73,Session: <*> initialized by client WindowsUpdateAgent.,['30546174_17007979']
404,2016-09-28,04:30:36,Info,CBS,"Read out cached package applicability for package: Package_for_KB2789645~31bf3856ad364e35~amd64~~6.1.1.0, ApplicableState: 80, CurrentState:112",28e57347,Read out cached package applicability for package: <*> ApplicableState: <*> <*>,"['Package_for_KB2789645~31bf3856ad364e35~amd64~~6.1.1.0,', '80, CurrentState:112']"
405,2016-09-28,04:30:36,Info,CBS,Session: 30546174_17668017 initialized by client WindowsUpdateAgent.,08fb5d73,Session: <*> initialized by client WindowsUpdateAgent.,['30546174_17668017']
406,2016-09-28,04:30:36,Info,CBS,"Read out cached package applicability for package: Package_for_KB3138901~31bf3856ad364e35~amd64~~6.1.1.0, ApplicableState: 112, CurrentState:112",28e57347,Read out cached package applicability for package: <*> ApplicableState: <*> <*>,"['Package_for_KB3138901~31bf3856ad364e35~amd64~~6.1.1.0,', '112, CurrentState:112']"
407,2016-09-28,04:30:36,Info,CBS,Session: 30546174_17818026 initialized by client WindowsUpdateAgent.,08fb5d73,Session: <*> initialized by client WindowsUpdateAgent.,['30546174_17818026']
408,2016-09-28,04:30:36,Info,CBS,"Read out cached package applicability for package: Package_for_KB2607047~31bf3856ad364e35~amd64~~6.1.1.1, ApplicableState: 0, CurrentState:0",28e57347,Read out cached package applicability for package: <*> ApplicableState: <*> <*>,"['Package_for_KB2607047~31bf3856ad364e35~amd64~~6.1.1.1,', '0, CurrentState:0']"
409,2016-09-28,04:30:36,Info,CBS,Session: 30546174_18178046 initialized by client WindowsUpdateAgent.,08fb5d73,Session: <*> initialized by client WindowsUpdateAgent.,['30546174_18178046']
410,2016-09-28,04:30:36,Info,CBS,Session: 30546174_18398059 initialized by client WindowsUpdateAgent.,08fb5d73,Session: <*> initialized by client WindowsUpdateAgent.,['30546174_18398059']
411,2016-09-28,04:30:36,Info,CBS,"Read out cached package applicability for package: Package_for_KB3011780~31bf3856ad364e35~amd64~~6.1.1.5, ApplicableState: 112, CurrentState:112",28e57347,Read out cached package applicability for package: <*> ApplicableState: <*> <*>,"['Package_for_KB3011780~31bf3856ad364e35~amd64~~6.1.1.5,', '112, CurrentState:112']"
412,2016-09-28,04:30:36,Info,CBS,Session: 30546174_20238164 initialized by client WindowsUpdateAgent.,08fb5d73,Session: <*> initialized by client WindowsUpdateAgent.,['30546174_20238164']
413,2016-09-28,04:30:36,Info,CBS,"Read out cached package applicability for package: Package_for_KB3170455~31bf3856ad364e35~amd64~~6.1.1.2, ApplicableState: 112, CurrentState:112",28e57347,Read out cached package applicability for package: <*> ApplicableState: <*> <*>,"['Package_for_KB3170455~31bf3856ad364e35~amd64~~6.1.1.2,', '112, CurrentState:112']"
414,2016-09-28,04:30:36,Info,CBS,Session: 30546174_20328169 initialized by client WindowsUpdateAgent.,08fb5d73,Session: <*> initialized by client WindowsUpdateAgent.,['30546174_20328169']
415,2016-09-28,04:30:36,Info,CBS,"Read out cached package applicability for package: Package_for_KB2891804~31bf3856ad364e35~amd64~~6.1.1.1, ApplicableState: 112, CurrentState:112",28e57347,Read out cached package applicability for package: <*> ApplicableState: <*> <*>,"['Package_for_KB2891804~31bf3856ad364e35~amd64~~6.1.1.1,', '112, CurrentState:112']"
416,2016-09-28,04:30:36,Info,CBS,Session: 30546174_20448176 initialized by client WindowsUpdateAgent.,08fb5d73,Session: <*> initialized by client WindowsUpdateAgent.,['30546174_20448176']
417,2016-09-28,04:30:36,Info,CBS,"Read out cached package applicability for package: Package_for_KB3156017~31bf3856ad364e35~amd64~~6.1.1.0, ApplicableState: 112, CurrentState:112",28e57347,Read out cached package applicability for package: <*> ApplicableState: <*> <*>,"['Package_for_KB3156017~31bf3856ad364e35~amd64~~6.1.1.0,', '112, CurrentState:112']"
418,2016-09-28,04:30:36,Info,CBS,Session: 30546174_20458177 initialized by client WindowsUpdateAgent.,08fb5d73,Session: <*> initialized by client WindowsUpdateAgent.,['30546174_20458177']
419,2016-09-28,04:30:36,Info,CBS,"Read out cached package applicability for package: Package_for_KB3084135~31bf3856ad364e35~amd64~~6.1.1.0, ApplicableState: 112, CurrentState:112",28e57347,Read out cached package applicability for package: <*> ApplicableState: <*> <*>,"['Package_for_KB3084135~31bf3856ad364e35~amd64~~6.1.1.0,', '112, CurrentState:112']"
420,2016-09-28,04:30:36,Info,CBS,Session: 30546174_20518180 initialized by client WindowsUpdateAgent.,08fb5d73,Session: <*> initialized by client WindowsUpdateAgent.,['30546174_20518180']
421,2016-09-28,04:30:36,Info,CBS,"Read out cached package applicability for package: Package_for_KB2560656~31bf3856ad364e35~amd64~~6.1.1.2, ApplicableState: 112, CurrentState:112",28e57347,Read out cached package applicability for package: <*> ApplicableState: <*> <*>,"['Package_for_KB2560656~31bf3856ad364e35~amd64~~6.1.1.2,', '112, CurrentState:112']"
422,2016-09-28,04:30:36,Info,CBS,Session: 30546174_20798196 initialized by client WindowsUpdateAgent.,08fb5d73,Session: <*> initialized by client WindowsUpdateAgent.,['30546174_20798196']
423,2016-09-28,04:30:36,Info,CBS,"Read out cached package applicability for package: Package_for_KB3184471~31bf3856ad364e35~amd64~~6.1.1.1, ApplicableState: 0, CurrentState:0",28e57347,Read out cached package applicability for package: <*> ApplicableState: <*> <*>,"['Package_for_KB3184471~31bf3856ad364e35~amd64~~6.1.1.1,', '0, CurrentState:0']"
424,2016-09-28,04:30:36,Info,CBS,Session: 30546174_21498236 initialized by client WindowsUpdateAgent.,08fb5d73,Session: <*> initialized by client WindowsUpdateAgent.,['30546174_21498236']
425,2016-09-28,04:30:36,Info,CBS,"Read out cached package applicability for package: Package_for_KB3146963~31bf3856ad364e35~amd64~~6.1.1.0, ApplicableState: 112, CurrentState:112",28e57347,Read out cached package applicability for package: <*> ApplicableState: <*> <*>,"['Package_for_KB3146963~31bf3856ad364e35~amd64~~6.1.1.0,', '112, CurrentState:112']"
426,2016-09-28,04:30:36,Info,CBS,Session: 30546174_21518237 initialized by client WindowsUpdateAgent.,08fb5d73,Session: <*> initialized by client WindowsUpdateAgent.,['30546174_21518237']
427,2016-09-28,04:30:36,Info,CBS,"Read out cached package applicability for package: Package_for_KB2918077~31bf3856ad364e35~amd64~~6.1.1.0, ApplicableState: 112, CurrentState:112",28e57347,Read out cached package applicability for package: <*> ApplicableState: <*> <*>,"['Package_for_KB2918077~31bf3856ad364e35~amd64~~6.1.1.0,', '112, CurrentState:112']"
428,2016-09-28,04:30:36,Info,CBS,Session: 30546174_21788253 initialized by client WindowsUpdateAgent.,08fb5d73,Session: <*> initialized by client WindowsUpdateAgent.,['30546174_21788253']
429,2016-09-28,04:30:36,Info,CBS,"Read out cached package applicability for package: Package_for_KB2716513~31bf3856ad364e35~amd64~~6.1.1.0, ApplicableState: 80, CurrentState:0",28e57347,Read out cached package applicability for package: <*> ApplicableState: <*> <*>,"['Package_for_KB2716513~31bf3856ad364e35~amd64~~6.1.1.0,', '80, CurrentState:0']"
430,2016-09-28,04:30:36,Info,CBS,Session: 30546174_21808254 initialized by client WindowsUpdateAgent.,08fb5d73,Session: <*> initialized by client WindowsUpdateAgent.,['30546174_21808254']
431,2016-09-28,04:30:36,Info,CBS,"Read out cached package applicability for package: Package_for_KB2489256~31bf3856ad364e35~amd64~~6.1.1.1, ApplicableState: 80, CurrentState:0",28e57347,Read out cached package applicability for package: <*> ApplicableState: <*> <*>,"['Package_for_KB2489256~31bf3856ad364e35~amd64~~6.1.1.1,', '80, CurrentState:0']"
432,2016-09-28,04:30:36,Info,CBS,Session: 30546174_21868257 initialized by client WindowsUpdateAgent.,08fb5d73,Session: <*> initialized by client WindowsUpdateAgent.,['30546174_21868257']
433,2016-09-28,04:30:36,Info,CBS,"Read out cached package applicability for package: Package_for_KB3138962~31bf3856ad364e35~amd64~~6.1.1.0, ApplicableState: 80, CurrentState:112",28e57347,Read out cached package applicability for package: <*> ApplicableState: <*> <*>,"['Package_for_KB3138962~31bf3856ad364e35~amd64~~6.1.1.0,', '80, CurrentState:112']"
434,2016-09-28,04:30:36,Info,CBS,Session: 30546174_21888258 initialized by client WindowsUpdateAgent.,08fb5d73,Session: <*> initialized by client WindowsUpdateAgent.,['30546174_21888258']
435,2016-09-28,04:30:36,Info,CBS,"Read out cached package applicability for package: Package_for_KB2552343~31bf3856ad364e35~amd64~~6.1.1.0, ApplicableState: 112, CurrentState:112",28e57347,Read out cached package applicability for package: <*> ApplicableState: <*> <*>,"['Package_for_KB2552343~31bf3856ad364e35~amd64~~6.1.1.0,', '112, CurrentState:112']"
436,2016-09-28,04:30:36,Info,CBS,Session: 30546174_21968263 initialized by client WindowsUpdateAgent.,08fb5d73,Session: <*> initialized by client WindowsUpdateAgent.,['30546174_21968263']
437,2016-09-28,04:30:36,Info,CBS,"Read out cached package applicability for package: Package_for_KB3059317~31bf3856ad364e35~amd64~~6.1.1.0, ApplicableState: 112, CurrentState:112",28e57347,Read out cached package applicability for package: <*> ApplicableState: <*> <*>,"['Package_for_KB3059317~31bf3856ad364e35~amd64~~6.1.1.0,', '112, CurrentState:112']"
438,2016-09-28,04:30:36,Info,CBS,Session: 30546174_22008265 initialized by client WindowsUpdateAgent.,08fb5d73,Session: <*> initialized by client WindowsUpdateAgent.,['30546174_22008265']
439,2016-09-28,04:30:36,Info,CBS,"Read out cached package applicability for package: Package_for_KB2973201~31bf3856ad364e35~amd64~~6.1.1.2, ApplicableState: 112, CurrentState:112",28e57347,Read out cached package applicability for package: <*> ApplicableState: <*> <*>,"['Package_for_KB2973201~31bf3856ad364e35~amd64~~6.1.1.2,', '112, CurrentState:112']"
440,2016-09-28,04:30:36,Info,CBS,Session: 30546174_22048268 initialized by client WindowsUpdateAgent.,08fb5d73,Session: <*> initialized by client WindowsUpdateAgent.,['30546174_22048268']
441,2016-09-28,04:30:37,Info,CBS,"Read out cached package applicability for package: Package_for_KB3072305~31bf3856ad364e35~amd64~~6.1.1.2, ApplicableState: 112, CurrentState:112",28e57347,Read out cached package applicability for package: <*> ApplicableState: <*> <*>,"['Package_for_KB3072305~31bf3856ad364e35~amd64~~6.1.1.2,', '112, CurrentState:112']"
442,2016-09-28,04:30:37,Info,CBS,Session: 30546174_22448291 initialized by client WindowsUpdateAgent.,08fb5d73,Session: <*> initialized by client WindowsUpdateAgent.,['30546174_22448291']
443,2016-09-28,04:30:37,Info,CBS,"Read out cached package applicability for package: Package_for_KB3078667~31bf3856ad364e35~amd64~~6.1.1.0, ApplicableState: 112, CurrentState:112",28e57347,Read out cached package applicability for package: <*> ApplicableState: <*> <*>,"['Package_for_KB3078667~31bf3856ad364e35~amd64~~6.1.1.0,', '112, CurrentState:112']"
444,2016-09-28,04:30:37,Info,CBS,Session: 30546174_22538296 initialized by client WindowsUpdateAgent.,08fb5d73,Session: <*> initialized by client WindowsUpdateAgent.,['30546174_22538296']
445,2016-09-28,04:30:37,Info,CBS,"Read out cached package applicability for package: Package_for_KB3020369~31bf3856ad364e35~amd64~~6.1.1.1, ApplicableState: 80, CurrentState:112",28e57347,Read out cached package applicability for package: <*> ApplicableState: <*> <*>,"['Package_for_KB3020369~31bf3856ad364e35~amd64~~6.1.1.1,', '80, CurrentState:112']"
446,2016-09-28,04:30:37,Info,CBS,Session: 30546174_22828312 initialized by client WindowsUpdateAgent.,08fb5d73,Session: <*> initialized by client WindowsUpdateAgent.,['30546174_22828312']
447,2016-09-28,04:30:37,Info,CBS,"Read out cached package applicability for package: Package_for_KB2943357~31bf3856ad364e35~amd64~~6.1.1.3, ApplicableState: 112, CurrentState:112",28e57347,Read out cached package applicability for package: <*> ApplicableState: <*> <*>,"['Package_for_KB2943357~31bf3856ad364e35~amd64~~6.1.1.3,', '112, CurrentState:112']"
448,2016-09-28,04:30:37,Info,CBS,Session: 30546174_23648359 initialized by client WindowsUpdateAgent.,08fb5d73,Session: <*> initialized by client WindowsUpdateAgent.,['30546174_23648359']
449,2016-09-28,04:30:37,Info,CBS,"Read out cached package applicability for package: Package_for_KB3168965~31bf3856ad364e35~amd64~~6.1.1.2, ApplicableState: 80, CurrentState:112",28e57347,Read out cached package applicability for package: <*> ApplicableState: <*> <*>,"['Package_for_KB3168965~31bf3856ad364e35~amd64~~6.1.1.2,', '80, CurrentState:112']"
450,2016-09-28,04:30:37,Info,CBS,Session: 30546174_23668360 initialized by client WindowsUpdateAgent.,08fb5d73,Session: <*> initialized by client WindowsUpdateAgent.,['30546174_23668360']
451,2016-09-28,04:30:37,Info,CBS,"Read out cached package applicability for package: Package_for_KB2620704~31bf3856ad364e35~amd64~~6.1.1.0, ApplicableState: 112, CurrentState:112",28e57347,Read out cached package applicability for package: <*> ApplicableState: <*> <*>,"['Package_for_KB2620704~31bf3856ad364e35~amd64~~6.1.1.0,', '112, CurrentState:112']"
452,2016-09-28,04:30:37,Info,CBS,Session: 30546174_23938376 initialized by client WindowsUpdateAgent.,08fb5d73,Session: <*> initialized by client WindowsUpdateAgent.,['30546174_23938376']
453,2016-09-28,04:30:37,Info,CBS,"Read out cached package applicability for package: Microsoft-Windows-PlatformUpdate-Win7-SRV08R2-Package-TopLevel~31bf3856ad364e35~amd64~~7.1.7601.16492, ApplicableState: 112, CurrentState:112",28e57347,Read out cached package applicability for package: <*> ApplicableState: <*> <*>,"['Microsoft-Windows-PlatformUpdate-Win7-SRV08R2-Package-TopLevel~31bf3856ad364e35~amd64~~7.1.7601.16492,', '112, CurrentState:112']"
454,2016-09-28,04:30:37,Info,CBS,Session: 30546174_24168389 initialized by client WindowsUpdateAgent.,08fb5d73,Session: <*> initialized by client WindowsUpdateAgent.,['30546174_24168389']
455,2016-09-28,04:30:37,Info,CBS,"Read out cached package applicability for package: Package_for_KB2763523~31bf3856ad364e35~amd64~~6.1.1.1, ApplicableState: 112, CurrentState:112",28e57347,Read out cached package applicability for package: <*> ApplicableState: <*> <*>,"['Package_for_KB2763523~31bf3856ad364e35~amd64~~6.1.1.1,', '112, CurrentState:112']"
456,2016-09-28,04:30:37,Info,CBS,Session: 30546174_25138444 initialized by client WindowsUpdateAgent.,08fb5d73,Session: <*> initialized by client WindowsUpdateAgent.,['30546174_25138444']
457,2016-09-28,04:30:37,Info,CBS,"Read out cached package applicability for package: Package_for_KB3075220~31bf3856ad364e35~amd64~~6.1.1.0, ApplicableState: 80, CurrentState:0",28e57347,Read out cached package applicability for package: <*> ApplicableState: <*> <*>,"['Package_for_KB3075220~31bf3856ad364e35~amd64~~6.1.1.0,', '80, CurrentState:0']"
458,2016-09-28,04:30:37,Info,CBS,Session: 30546174_25988493 initialized by client WindowsUpdateAgent.,08fb5d73,Session: <*> initialized by client WindowsUpdateAgent.,['30546174_25988493']
459,2016-09-28,04:30:37,Info,CBS,"Read out cached package applicability for package: Package_for_KB2813347~31bf3856ad364e35~amd64~~6.1.1.0, ApplicableState: 112, CurrentState:112",28e57347,Read out cached package applicability for package: <*> ApplicableState: <*> <*>,"['Package_for_KB2813347~31bf3856ad364e35~amd64~~6.1.1.0,', '112, CurrentState:112']"
460,2016-09-28,04:30:37,Info,CBS,Session: 30546174_27448577 initialized by client WindowsUpdateAgent.,08fb5d73,Session: <*> initialized by client WindowsUpdateAgent.,['30546174_27448577']
461,2016-09-28,04:30:37,Info,CBS,"Read out cached package applicability for package: Package_for_KB3080446~31bf3856ad364e35~amd64~~6.1.1.2, ApplicableState: 80, CurrentState:112",28e57347,Read out cached package applicability for package: <*> ApplicableState: <*> <*>,"['Package_for_KB3080446~31bf3856ad364e35~amd64~~6.1.1.2,', '80, CurrentState:112']"
462,2016-09-28,04:30:37,Info,CBS,Session: 30546174_27518581 initialized by client WindowsUpdateAgent.,08fb5d73,Session: <*> initialized by client WindowsUpdateAgent.,['30546174_27518581']
463,2016-09-28,04:30:37,Info,CBS,"Read out cached package applicability for package: Package_for_KB2515325~31bf3856ad364e35~amd64~~6.1.1.0, ApplicableState: 80, CurrentState:112",28e57347,Read out cached package applicability for package: <*> ApplicableState: <*> <*>,"['Package_for_KB2515325~31bf3856ad364e35~amd64~~6.1.1.0,', '80, CurrentState:112']"
464,2016-09-28,04:30:37,Info,CBS,Session: 30546174_27548582 initialized by client WindowsUpdateAgent.,08fb5d73,Session: <*> initialized by client WindowsUpdateAgent.,['30546174_27548582']
465,2016-09-28,04:30:37,Info,CBS,"Read out cached package applicability for package: Package_for_KB2957189~31bf3856ad364e35~amd64~~6.1.1.1, ApplicableState: 80, CurrentState:112",28e57347,Read out cached package applicability for package: <*> ApplicableState: <*> <*>,"['Package_for_KB2957189~31bf3856ad364e35~amd64~~6.1.1.1,', '80, CurrentState:112']"
466,2016-09-28,04:30:37,Info,CBS,Session: 30546174_27568583 initialized by client WindowsUpdateAgent.,08fb5d73,Session: <*> initialized by client WindowsUpdateAgent.,['30546174_27568583']
467,2016-09-28,04:30:37,Info,CBS,"Read out cached package applicability for package: Package_for_KB2718704~31bf3856ad364e35~amd64~~6.1.1.0, ApplicableState: 80, CurrentState:112",28e57347,Read out cached package applicability for package: <*> ApplicableState: <*> <*>,"['Package_for_KB2718704~31bf3856ad364e35~amd64~~6.1.1.0,', '80, CurrentState:112']"
468,2016-09-28,04:30:37,Info,CBS,Session: 30546174_27758594 initialized by client WindowsUpdateAgent.,08fb5d73,Session: <*> initialized by client WindowsUpdateAgent.,['30546174_27758594']
469,2016-09-28,04:30:37,Info,CBS,"Read out cached package applicability for package: Package_for_KB2479943~31bf3856ad364e35~amd64~~6.1.1.0, ApplicableState: 112, CurrentState:112",28e57347,Read out cached package applicability for package: <*> ApplicableState: <*> <*>,"['Package_for_KB2479943~31bf3856ad364e35~amd64~~6.1.1.0,', '112, CurrentState:112']"
470,2016-09-28,04:30:37,Info,CBS,Session: 30546174_27818598 initialized by client WindowsUpdateAgent.,08fb5d73,Session: <*> initialized by client WindowsUpdateAgent.,['30546174_27818598']
471,2016-09-28,04:30:37,Info,CBS,"Read out cached package applicability for package: Package_for_KB3138612~31bf3856ad364e35~amd64~~6.1.1.1, ApplicableState: 112, CurrentState:112",28e57347,Read out cached package applicability for package: <*> ApplicableState: <*> <*>,"['Package_for_KB3138612~31bf3856ad364e35~amd64~~6.1.1.1,', '112, CurrentState:112']"
472,2016-09-28,04:30:37,Info,CBS,Session: 30546174_28288625 initialized by client WindowsUpdateAgent.,08fb5d73,Session: <*> initialized by client WindowsUpdateAgent.,['30546174_28288625']
473,2016-09-28,04:30:37,Info,CBS,"Read out cached package applicability for package: Microsoft-Hyper-V-Integration-Services-Package~31bf3856ad364e35~amd64~~6.3.9600.17681, ApplicableState: 112, CurrentState:0",28e57347,Read out cached package applicability for package: <*> ApplicableState: <*> <*>,"['Microsoft-Hyper-V-Integration-Services-Package~31bf3856ad364e35~amd64~~6.3.9600.17681,', '112, CurrentState:0']"
474,2016-09-28,04:30:37,Info,CBS,Session: 30546174_28528638 initialized by client WindowsUpdateAgent.,08fb5d73,Session: <*> initialized by client WindowsUpdateAgent.,['30546174_28528638']
475,2016-09-28,04:30:37,Info,CBS,"Read out cached package applicability for package: Package_for_KB3107998~31bf3856ad364e35~amd64~~6.1.1.2, ApplicableState: 112, CurrentState:112",28e57347,Read out cached package applicability for package: <*> ApplicableState: <*> <*>,"['Package_for_KB3107998~31bf3856ad364e35~amd64~~6.1.1.2,', '112, CurrentState:112']"
476,2016-09-28,04:30:37,Info,CBS,Session: 30546174_30478750 initialized by client WindowsUpdateAgent.,08fb5d73,Session: <*> initialized by client WindowsUpdateAgent.,['30546174_30478750']
477,2016-09-28,04:30:38,Info,CBS,"Read out cached package applicability for package: Package_for_KB3071756~31bf3856ad364e35~amd64~~6.1.1.2, ApplicableState: 112, CurrentState:112",28e57347,Read out cached package applicability for package: <*> ApplicableState: <*> <*>,"['Package_for_KB3071756~31bf3856ad364e35~amd64~~6.1.1.2,', '112, CurrentState:112']"
478,2016-09-28,04:30:38,Info,CBS,Session: 30546174_35199020 initialized by client WindowsUpdateAgent.,08fb5d73,Session: <*> initialized by client WindowsUpdateAgent.,['30546174_35199020']
479,2016-09-28,04:30:38,Info,CBS,"Read out cached package applicability for package: Package_for_KB2840631~31bf3856ad364e35~amd64~~6.1.1.0, ApplicableState: 112, CurrentState:112",28e57347,Read out cached package applicability for package: <*> ApplicableState: <*> <*>,"['Package_for_KB2840631~31bf3856ad364e35~amd64~~6.1.1.0,', '112, CurrentState:112']"
480,2016-09-28,04:30:38,Info,CBS,Session: 30546174_35469035 initialized by client WindowsUpdateAgent.,08fb5d73,Session: <*> initialized by client WindowsUpdateAgent.,['30546174_35469035']
481,2016-09-28,04:30:38,Info,CBS,"Read out cached package applicability for package: Package_for_KB2631813~31bf3856ad364e35~amd64~~6.1.1.1, ApplicableState: 112, CurrentState:112",28e57347,Read out cached package applicability for package: <*> ApplicableState: <*> <*>,"['Package_for_KB2631813~31bf3856ad364e35~amd64~~6.1.1.1,', '112, CurrentState:112']"
482,2016-09-28,04:30:38,Info,CBS,Session: 30546174_35509038 initialized by client WindowsUpdateAgent.,08fb5d73,Session: <*> initialized by client WindowsUpdateAgent.,['30546174_35509038']
483,2016-09-28,04:30:38,Info,CBS,"Read out cached package applicability for package: Package_for_KB2640148~31bf3856ad364e35~amd64~~6.1.2.0, ApplicableState: 112, CurrentState:112",28e57347,Read out cached package applicability for package: <*> ApplicableState: <*> <*>,"['Package_for_KB2640148~31bf3856ad364e35~amd64~~6.1.2.0,', '112, CurrentState:112']"
484,2016-09-28,04:30:38,Info,CBS,Session: 30546174_35659046 initialized by client WindowsUpdateAgent.,08fb5d73,Session: <*> initialized by client WindowsUpdateAgent.,['30546174_35659046']
485,2016-09-28,04:30:38,Info,CBS,"Read out cached package applicability for package: Package_for_KB3093513~31bf3856ad364e35~amd64~~6.1.1.0, ApplicableState: 112, CurrentState:112",28e57347,Read out cached package applicability for package: <*> ApplicableState: <*> <*>,"['Package_for_KB3093513~31bf3856ad364e35~amd64~~6.1.1.0,', '112, CurrentState:112']"
486,2016-09-28,04:30:38,Info,CBS,Session: 30546174_35689048 initialized by client WindowsUpdateAgent.,08fb5d73,Session: <*> initialized by client WindowsUpdateAgent.,['30546174_35689048']
487,2016-09-28,04:30:38,Info,CBS,"Read out cached package applicability for package: Package_for_KB2894844~31bf3856ad364e35~amd64~~6.1.1.1, ApplicableState: 112, CurrentState:112",28e57347,Read out cached package applicability for package: <*> ApplicableState: <*> <*>,"['Package_for_KB2894844~31bf3856ad364e35~amd64~~6.1.1.1,', '112, CurrentState:112']"
488,2016-09-28,04:30:38,Info,CBS,Session: 30546174_36019067 initialized by client WindowsUpdateAgent.,08fb5d73,Session: <*> initialized by client WindowsUpdateAgent.,['30546174_36019067']
489,2016-09-28,04:30:38,Info,CBS,"Read out cached package applicability for package: Package_for_KB3108670~31bf3856ad364e35~amd64~~6.1.1.0, ApplicableState: 112, CurrentState:112",28e57347,Read out cached package applicability for package: <*> ApplicableState: <*> <*>,"['Package_for_KB3108670~31bf3856ad364e35~amd64~~6.1.1.0,', '112, CurrentState:112']"
490,2016-09-28,04:30:38,Info,CBS,Session: 30546174_40939348 initialized by client WindowsUpdateAgent.,08fb5d73,Session: <*> initialized by client WindowsUpdateAgent.,['30546174_40939348']
491,2016-09-28,04:30:38,Info,CBS,"Read out cached package applicability for package: Package_for_KB2547666~31bf3856ad364e35~amd64~~6.1.1.0, ApplicableState: 112, CurrentState:112",28e57347,Read out cached package applicability for package: <*> ApplicableState: <*> <*>,"['Package_for_KB2547666~31bf3856ad364e35~amd64~~6.1.1.0,', '112, CurrentState:112']"
492,2016-09-28,04:30:38,Info,CBS,Session: 30546174_41309369 initialized by client WindowsUpdateAgent.,08fb5d73,Session: <*> initialized by client WindowsUpdateAgent.,['30546174_41309369']
493,2016-09-28,04:30:39,Info,CBS,"Read out cached package applicability for package: Package_for_KB2798162~31bf3856ad364e35~amd64~~6.1.1.5, ApplicableState: 80, CurrentState:112",28e57347,Read out cached package applicability for package: <*> ApplicableState: <*> <*>,"['Package_for_KB2798162~31bf3856ad364e35~amd64~~6.1.1.5,', '80, CurrentState:112']"
494,2016-09-28,04:30:39,Info,CBS,Session: 30546174_43049469 initialized by client WindowsUpdateAgent.,08fb5d73,Session: <*> initialized by client WindowsUpdateAgent.,['30546174_43049469']
495,2016-09-28,04:30:39,Info,CBS,"Read out cached package applicability for package: Package_for_KB2574819~31bf3856ad364e35~amd64~~6.1.2.0, ApplicableState: 112, CurrentState:112",28e57347,Read out cached package applicability for package: <*> ApplicableState: <*> <*>,"['Package_for_KB2574819~31bf3856ad364e35~amd64~~6.1.2.0,', '112, CurrentState:112']"
496,2016-09-28,04:30:39,Info,CBS,Session: 30546174_43479493 initialized by client WindowsUpdateAgent.,08fb5d73,Session: <*> initialized by client WindowsUpdateAgent.,['30546174_43479493']
497,2016-09-28,04:30:39,Info,CBS,"Read out cached package applicability for package: Microsoft-Windows-RDP-BlueIP-Package-TopLevel~31bf3856ad364e35~amd64~~7.2.7601.16415, ApplicableState: 112, CurrentState:112",28e57347,Read out cached package applicability for package: <*> ApplicableState: <*> <*>,"['Microsoft-Windows-RDP-BlueIP-Package-TopLevel~31bf3856ad364e35~amd64~~7.2.7601.16415,', '112, CurrentState:112']"
498,2016-09-28,04:30:39,Info,CBS,Session: 30546174_43599500 initialized by client WindowsUpdateAgent.,08fb5d73,Session: <*> initialized by client WindowsUpdateAgent.,['30546174_43599500']
499,2016-09-28,04:30:39,Info,CBS,"Read out cached package applicability for package: Package_for_KB2857650~31bf3856ad364e35~amd64~~6.1.1.1, ApplicableState: 112, CurrentState:112",28e57347,Read out cached package applicability for package: <*> ApplicableState: <*> <*>,"['Package_for_KB2857650~31bf3856ad364e35~amd64~~6.1.1.1,', '112, CurrentState:112']"
500,2016-09-28,04:30:39,Info,CBS,Session: 30546174_44439548 initialized by client WindowsUpdateAgent.,08fb5d73,Session: <*> initialized by client WindowsUpdateAgent.,['30546174_44439548']
501,2016-09-28,04:30:39,Info,CBS,"Read out cached package applicability for package: Package_for_KB3118401~31bf3856ad364e35~amd64~~6.1.1.1, ApplicableState: 112, CurrentState:112",28e57347,Read out cached package applicability for package: <*> ApplicableState: <*> <*>,"['Package_for_KB3118401~31bf3856ad364e35~amd64~~6.1.1.1,', '112, CurrentState:112']"
502,2016-09-28,04:30:39,Info,CBS,Session: 30546174_44469550 initialized by client WindowsUpdateAgent.,08fb5d73,Session: <*> initialized by client WindowsUpdateAgent.,['30546174_44469550']
503,2016-09-28,04:30:39,Info,CBS,"Read out cached package applicability for package: Package_for_KB2585542~31bf3856ad364e35~amd64~~6.1.1.3, ApplicableState: 80, CurrentState:112",28e57347,Read out cached package applicability for package: <*> ApplicableState: <*> <*>,"['Package_for_KB2585542~31bf3856ad364e35~amd64~~6.1.1.3,', '80, CurrentState:112']"
504,2016-09-28,04:30:39,Info,CBS,Session: 30546174_44629559 initialized by client WindowsUpdateAgent.,08fb5d73,Session: <*> initialized by client WindowsUpdateAgent.,['30546174_44629559']
505,2016-09-28,04:30:39,Info,CBS,"Read out cached package applicability for package: Package_for_KB2931356~31bf3856ad364e35~amd64~~6.1.1.0, ApplicableState: 112, CurrentState:112",28e57347,Read out cached package applicability for package: <*> ApplicableState: <*> <*>,"['Package_for_KB2931356~31bf3856ad364e35~amd64~~6.1.1.0,', '112, CurrentState:112']"
506,2016-09-28,04:30:39,Info,CBS,Session: 30546174_45239594 initialized by client WindowsUpdateAgent.,08fb5d73,Session: <*> initialized by client WindowsUpdateAgent.,['30546174_45239594']
507,2016-09-28,04:30:39,Info,CBS,"Read out cached package applicability for package: Package_for_KB2900986~31bf3856ad364e35~amd64~~6.1.1.1, ApplicableState: 112, CurrentState:112",28e57347,Read out cached package applicability for package: <*> ApplicableState: <*> <*>,"['Package_for_KB2900986~31bf3856ad364e35~amd64~~6.1.1.1,', '112, CurrentState:112']"
508,2016-09-28,04:30:39,Info,CBS,Session: 30546174_45309598 initialized by client WindowsUpdateAgent.,08fb5d73,Session: <*> initialized by client WindowsUpdateAgent.,['30546174_45309598']
509,2016-09-28,04:30:39,Info,CBS,"Read out cached package applicability for package: Package_for_KB2985461~31bf3856ad364e35~amd64~~6.1.1.0, ApplicableState: 112, CurrentState:112",28e57347,Read out cached package applicability for package: <*> ApplicableState: <*> <*>,"['Package_for_KB2985461~31bf3856ad364e35~amd64~~6.1.1.0,', '112, CurrentState:112']"
510,2016-09-28,04:30:39,Info,CBS,Session: 30546174_46439663 initialized by client WindowsUpdateAgent.,08fb5d73,Session: <*> initialized by client WindowsUpdateAgent.,['30546174_46439663']
511,2016-09-28,04:30:39,Info,CBS,"Read out cached package applicability for package: Package_for_KB3092601~31bf3856ad364e35~amd64~~6.1.1.0, ApplicableState: 112, CurrentState:112",28e57347,Read out cached package applicability for package: <*> ApplicableState: <*> <*>,"['Package_for_KB3092601~31bf3856ad364e35~amd64~~6.1.1.0,', '112, CurrentState:112']"
512,2016-09-28,04:30:39,Info,CBS,Session: 30546174_46879688 initialized by client WindowsUpdateAgent.,08fb5d73,Session: <*> initialized by client WindowsUpdateAgent.,['30546174_46879688']
513,2016-09-28,04:30:39,Info,CBS,"Read out cached package applicability for package: Package_for_KB2836942~31bf3856ad364e35~amd64~~6.1.1.0, ApplicableState: 80, CurrentState:112",28e57347,Read out cached package applicability for package: <*> ApplicableState: <*> <*>,"['Package_for_KB2836942~31bf3856ad364e35~amd64~~6.1.1.0,', '80, CurrentState:112']"
514,2016-09-28,04:30:39,Info,CBS,Session: 30546174_46979694 initialized by client WindowsUpdateAgent.,08fb5d73,Session: <*> initialized by client WindowsUpdateAgent.,['30546174_46979694']
515,2016-09-28,04:30:39,Info,CBS,"Read out cached package applicability for package: Package_for_KB2937610~31bf3856ad364e35~amd64~~6.1.1.3, ApplicableState: 112, CurrentState:112",28e57347,Read out cached package applicability for package: <*> ApplicableState: <*> <*>,"['Package_for_KB2937610~31bf3856ad364e35~amd64~~6.1.1.3,', '112, CurrentState:112']"
516,2016-09-28,04:30:39,Info,CBS,Session: 30546174_48029754 initialized by client WindowsUpdateAgent.,08fb5d73,Session: <*> initialized by client WindowsUpdateAgent.,['30546174_48029754']
517,2016-09-28,04:30:39,Info,CBS,"Read out cached package applicability for package: Package_for_KB3035126~31bf3856ad364e35~amd64~~6.1.1.2, ApplicableState: 112, CurrentState:112",28e57347,Read out cached package applicability for package: <*> ApplicableState: <*> <*>,"['Package_for_KB3035126~31bf3856ad364e35~amd64~~6.1.1.2,', '112, CurrentState:112']"
518,2016-09-28,04:30:39,Info,CBS,Session: 30546174_48659790 initialized by client WindowsUpdateAgent.,08fb5d73,Session: <*> initialized by client WindowsUpdateAgent.,['30546174_48659790']
519,2016-09-28,04:30:39,Info,CBS,"Read out cached package applicability for package: Package_for_KB3076895~31bf3856ad364e35~amd64~~6.1.1.1, ApplicableState: 80, CurrentState:112",28e57347,Read out cached package applicability for package: <*> ApplicableState: <*> <*>,"['Package_for_KB3076895~31bf3856ad364e35~amd64~~6.1.1.1,', '80, CurrentState:112']"
520,2016-09-28,04:30:39,Info,CBS,Session: 30546174_48769796 initialized by client WindowsUpdateAgent.,08fb5d73,Session: <*> initialized by client WindowsUpdateAgent.,['30546174_48769796']
521,2016-09-28,04:30:39,Info,CBS,"Read out cached package applicability for package: Package_for_KB3021674~31bf3856ad364e35~amd64~~6.1.1.2, ApplicableState: 112, CurrentState:112",28e57347,Read out cached package applicability for package: <*> ApplicableState: <*> <*>,"['Package_for_KB3021674~31bf3856ad364e35~amd64~~6.1.1.2,', '112, CurrentState:112']"
522,2016-09-28,04:30:39,Info,CBS,Session: 30546174_48809798 initialized by client WindowsUpdateAgent.,08fb5d73,Session: <*> initialized by client WindowsUpdateAgent.,['30546174_48809798']
523,2016-09-28,04:30:39,Info,CBS,"Read out cached package applicability for package: Package_for_KB2919469~31bf3856ad364e35~amd64~~6.1.1.0, ApplicableState: 112, CurrentState:112",28e57347,Read out cached package applicability for package: <*> ApplicableState: <*> <*>,"['Package_for_KB2919469~31bf3856ad364e35~amd64~~6.1.1.0,', '112, CurrentState:112']"
524,2016-09-28,04:30:39,Info,CBS,Session: 30546174_49059813 initialized by client WindowsUpdateAgent.,08fb5d73,Session: <*> initialized by client WindowsUpdateAgent.,['30546174_49059813']
525,2016-09-28,04:30:39,Info,CBS,"Read out cached package applicability for package: Package_for_KB2823180~31bf3856ad364e35~amd64~~6.1.1.0, ApplicableState: 0, CurrentState:0",28e57347,Read out cached package applicability for package: <*> ApplicableState: <*> <*>,"['Package_for_KB2823180~31bf3856ad364e35~amd64~~6.1.1.0,', '0, CurrentState:0']"
526,2016-09-28,04:30:39,Info,CBS,Session: 30546174_49089814 initialized by client WindowsUpdateAgent.,08fb5d73,Session: <*> initialized by client WindowsUpdateAgent.,['30546174_49089814']
527,2016-09-28,04:30:39,Info,CBS,"Read out cached package applicability for package: Package_for_KB2809215~31bf3856ad364e35~amd64~~6.1.1.1, ApplicableState: 112, CurrentState:0",28e57347,Read out cached package applicability for package: <*> ApplicableState: <*> <*>,"['Package_for_KB2809215~31bf3856ad364e35~amd64~~6.1.1.1,', '112, CurrentState:0']"
528,2016-09-28,04:30:39,Info,CBS,Session: 30546174_49109815 initialized by client WindowsUpdateAgent.,08fb5d73,Session: <*> initialized by client WindowsUpdateAgent.,['30546174_49109815']
529,2016-09-28,04:30:39,Info,CBS,Failed to internally open package. [HRESULT = 0x800f0805 - CBS_E_INVALID_PACKAGE],39c8b4cc,Failed to internally open package. [HRESULT = <*>- CBS_E_INVALID_PACKAGE],['0x800f0805 ']
530,2016-09-28,04:30:39,Info,CBS,Session: 30546174_49119816 initialized by client WindowsUpdateAgent.,08fb5d73,Session: <*> initialized by client WindowsUpdateAgent.,['30546174_49119816']
531,2016-09-28,04:30:39,Info,CBS,"Read out cached package applicability for package: Package_for_KB2809900~31bf3856ad364e35~amd64~~6.1.1.0, ApplicableState: 0, CurrentState:0",28e57347,Read out cached package applicability for package: <*> ApplicableState: <*> <*>,"['Package_for_KB2809900~31bf3856ad364e35~amd64~~6.1.1.0,', '0, CurrentState:0']"
532,2016-09-28,04:30:39,Info,CBS,Session: 30546174_49199821 initialized by client WindowsUpdateAgent.,08fb5d73,Session: <*> initialized by client WindowsUpdateAgent.,['30546174_49199821']
533,2016-09-28,04:30:39,Info,CBS,"Read out cached package applicability for package: Package_for_KB3150220~31bf3856ad364e35~amd64~~6.1.1.1, ApplicableState: 112, CurrentState:112",28e57347,Read out cached package applicability for package: <*> ApplicableState: <*> <*>,"['Package_for_KB3150220~31bf3856ad364e35~amd64~~6.1.1.1,', '112, CurrentState:112']"
534,2016-09-28,04:30:39,Info,CBS,Session: 30546174_49409833 initialized by client WindowsUpdateAgent.,08fb5d73,Session: <*> initialized by client WindowsUpdateAgent.,['30546174_49409833']
535,2016-09-28,04:30:39,Info,CBS,"Read out cached package applicability for package: Package_for_KB3175024~31bf3856ad364e35~amd64~~6.1.2.0, ApplicableState: 112, CurrentState:112",28e57347,Read out cached package applicability for package: <*> ApplicableState: <*> <*>,"['Package_for_KB3175024~31bf3856ad364e35~amd64~~6.1.2.0,', '112, CurrentState:112']"
536,2016-09-28,04:30:39,Info,CBS,Session: 30546174_49899861 initialized by client WindowsUpdateAgent.,08fb5d73,Session: <*> initialized by client WindowsUpdateAgent.,['30546174_49899861']
537,2016-09-28,04:30:39,Info,CBS,"Read out cached package applicability for package: Package_for_KB3126446~31bf3856ad364e35~amd64~~6.1.1.0, ApplicableState: 112, CurrentState:112",28e57347,Read out cached package applicability for package: <*> ApplicableState: <*> <*>,"['Package_for_KB3126446~31bf3856ad364e35~amd64~~6.1.1.0,', '112, CurrentState:112']"
538,2016-09-28,04:30:39,Info,CBS,Session: 30546174_50419890 initialized by client WindowsUpdateAgent.,08fb5d73,Session: <*> initialized by client WindowsUpdateAgent.,['30546174_50419890']
539,2016-09-28,04:30:39,Info,CBS,"Read out cached package applicability for package: Package_for_KB2968294~31bf3856ad364e35~amd64~~6.1.1.1, ApplicableState: 112, CurrentState:112",28e57347,Read out cached package applicability for package: <*> ApplicableState: <*> <*>,"['Package_for_KB2968294~31bf3856ad364e35~amd64~~6.1.1.1,', '112, CurrentState:112']"
540,2016-09-28,04:30:39,Info,CBS,Session: 30546174_50799912 initialized by client WindowsUpdateAgent.,08fb5d73,Session: <*> initialized by client WindowsUpdateAgent.,['30546174_50799912']
541,2016-09-28,04:30:40,Info,CBS,"Read out cached package applicability for package: Package_for_KB3080079~31bf3856ad364e35~amd64~~6.1.1.1, ApplicableState: 112, CurrentState:112",28e57347,Read out cached package applicability for package: <*> ApplicableState: <*> <*>,"['Package_for_KB3080079~31bf3856ad364e35~amd64~~6.1.1.1,', '112, CurrentState:112']"
542,2016-09-28,04:30:42,Info,CBS,Session: 30546174_79961580 initialized by client WindowsUpdateAgent.,08fb5d73,Session: <*> initialized by client WindowsUpdateAgent.,['30546174_79961580']
543,2016-09-28,04:30:42,Info,CBS,"Read out cached package applicability for package: Package_for_KB2868626~31bf3856ad364e35~amd64~~6.1.1.2, ApplicableState: 80, CurrentState:112",28e57347,Read out cached package applicability for package: <*> ApplicableState: <*> <*>,"['Package_for_KB2868626~31bf3856ad364e35~amd64~~6.1.1.2,', '80, CurrentState:112']"
544,2016-09-28,04:30:43,Info,CBS,Session: 30546174_84291828 initialized by client WindowsUpdateAgent.,08fb5d73,Session: <*> initialized by client WindowsUpdateAgent.,['30546174_84291828']
545,2016-09-28,04:30:43,Info,CBS,"Read out cached package applicability for package: Package_for_KB2929733~31bf3856ad364e35~amd64~~6.1.1.0, ApplicableState: 112, CurrentState:112",28e57347,Read out cached package applicability for package: <*> ApplicableState: <*> <*>,"['Package_for_KB2929733~31bf3856ad364e35~amd64~~6.1.1.0,', '112, CurrentState:112']"
546,2016-09-28,04:30:43,Info,CBS,Session: 30546174_84441836 initialized by client WindowsUpdateAgent.,08fb5d73,Session: <*> initialized by client WindowsUpdateAgent.,['30546174_84441836']
547,2016-09-28,04:30:43,Info,CBS,"Read out cached package applicability for package: Package_for_KB2893294~31bf3856ad364e35~amd64~~6.1.1.1, ApplicableState: 112, CurrentState:112",28e57347,Read out cached package applicability for package: <*> ApplicableState: <*> <*>,"['Package_for_KB2893294~31bf3856ad364e35~amd64~~6.1.1.1,', '112, CurrentState:112']"
548,2016-09-28,04:30:43,Info,CBS,Session: 30546174_84491839 initialized by client WindowsUpdateAgent.,08fb5d73,Session: <*> initialized by client WindowsUpdateAgent.,['30546174_84491839']
549,2016-09-28,04:30:43,Info,CBS,"Read out cached package applicability for package: Package_for_KB3145739~31bf3856ad364e35~amd64~~6.1.1.1, ApplicableState: 112, CurrentState:112",28e57347,Read out cached package applicability for package: <*> ApplicableState: <*> <*>,"['Package_for_KB3145739~31bf3856ad364e35~amd64~~6.1.1.1,', '112, CurrentState:112']"
550,2016-09-28,04:30:43,Info,CBS,Session: 30546174_84891862 initialized by client WindowsUpdateAgent.,08fb5d73,Session: <*> initialized by client WindowsUpdateAgent.,['30546174_84891862']
551,2016-09-28,04:30:43,Info,CBS,"Read out cached package applicability for package: Package_for_KB2972211~31bf3856ad364e35~amd64~~6.1.1.0, ApplicableState: 112, CurrentState:112",28e57347,Read out cached package applicability for package: <*> ApplicableState: <*> <*>,"['Package_for_KB2972211~31bf3856ad364e35~amd64~~6.1.1.0,', '112, CurrentState:112']"
552,2016-09-28,04:30:43,Info,CBS,Session: 30546174_85221881 initialized by client WindowsUpdateAgent.,08fb5d73,Session: <*> initialized by client WindowsUpdateAgent.,['30546174_85221881']
553,2016-09-28,04:30:43,Info,CBS,"Read out cached package applicability for package: Package_for_KB947821~31bf3856ad364e35~amd64~~6.1.34.0, ApplicableState: 112, CurrentState:0",28e57347,Read out cached package applicability for package: <*> ApplicableState: <*> <*>,"['Package_for_KB947821~31bf3856ad364e35~amd64~~6.1.34.0,', '112, CurrentState:0']"
554,2016-09-28,04:30:43,Info,CBS,Session: 30546174_85241882 initialized by client WindowsUpdateAgent.,08fb5d73,Session: <*> initialized by client WindowsUpdateAgent.,['30546174_85241882']
555,2016-09-28,04:30:43,Info,CBS,"Read out cached package applicability for package: Package_for_KB3020370~31bf3856ad364e35~amd64~~6.1.1.2, ApplicableState: 112, CurrentState:112",28e57347,Read out cached package applicability for package: <*> ApplicableState: <*> <*>,"['Package_for_KB3020370~31bf3856ad364e35~amd64~~6.1.1.2,', '112, CurrentState:112']"
556,2016-09-28,04:30:43,Info,CBS,Session: 30546174_85811915 initialized by client WindowsUpdateAgent.,08fb5d73,Session: <*> initialized by client WindowsUpdateAgent.,['30546174_85811915']
557,2016-09-28,04:30:43,Info,CBS,"Read out cached package applicability for package: Package_for_KB3003743~31bf3856ad364e35~amd64~~6.1.1.1, ApplicableState: 112, CurrentState:112",28e57347,Read out cached package applicability for package: <*> ApplicableState: <*> <*>,"['Package_for_KB3003743~31bf3856ad364e35~amd64~~6.1.1.1,', '112, CurrentState:112']"
558,2016-09-28,04:30:43,Info,CBS,Session: 30546174_88182050 initialized by client WindowsUpdateAgent.,08fb5d73,Session: <*> initialized by client WindowsUpdateAgent.,['30546174_88182050']
559,2016-09-28,04:30:43,Info,CBS,"Read out cached package applicability for package: Package_for_KB3020387~31bf3856ad364e35~amd64~~6.1.1.2, ApplicableState: 80, CurrentState:0",28e57347,Read out cached package applicability for package: <*> ApplicableState: <*> <*>,"['Package_for_KB3020387~31bf3856ad364e35~amd64~~6.1.1.2,', '80, CurrentState:0']"
560,2016-09-28,04:30:43,Info,CBS,Session: 30546174_88262055 initialized by client WindowsUpdateAgent.,08fb5d73,Session: <*> initialized by client WindowsUpdateAgent.,['30546174_88262055']
561,2016-09-28,04:30:43,Info,CBS,"Read out cached package applicability for package: Package_for_KB2884256~31bf3856ad364e35~amd64~~6.1.1.1, ApplicableState: 112, CurrentState:112",28e57347,Read out cached package applicability for package: <*> ApplicableState: <*> <*>,"['Package_for_KB2884256~31bf3856ad364e35~amd64~~6.1.1.1,', '112, CurrentState:112']"
562,2016-09-28,04:30:43,Info,CBS,Session: 30546174_88342059 initialized by client WindowsUpdateAgent.,08fb5d73,Session: <*> initialized by client WindowsUpdateAgent.,['30546174_88342059']
563,2016-09-28,04:30:43,Info,CBS,"Read out cached package applicability for package: Package_for_KB3163245~31bf3856ad364e35~amd64~~6.1.1.1, ApplicableState: 112, CurrentState:112",28e57347,Read out cached package applicability for package: <*> ApplicableState: <*> <*>,"['Package_for_KB3163245~31bf3856ad364e35~amd64~~6.1.1.1,', '112, CurrentState:112']"
564,2016-09-28,04:30:43,Info,CBS,Session: 30546174_88462066 initialized by client WindowsUpdateAgent.,08fb5d73,Session: <*> initialized by client WindowsUpdateAgent.,['30546174_88462066']
565,2016-09-28,04:30:43,Info,CBS,"Read out cached package applicability for package: Package_for_KB2660075~31bf3856ad364e35~amd64~~6.1.1.0, ApplicableState: 112, CurrentState:112",28e57347,Read out cached package applicability for package: <*> ApplicableState: <*> <*>,"['Package_for_KB2660075~31bf3856ad364e35~amd64~~6.1.1.0,', '112, CurrentState:112']"
566,2016-09-28,04:30:43,Info,CBS,Session: 30546174_88482067 initialized by client WindowsUpdateAgent.,08fb5d73,Session: <*> initialized by client WindowsUpdateAgent.,['30546174_88482067']
567,2016-09-28,04:30:43,Info,CBS,"Read out cached package applicability for package: Package_for_KB3022777~31bf3856ad364e35~amd64~~6.1.1.0, ApplicableState: 112, CurrentState:112",28e57347,Read out cached package applicability for package: <*> ApplicableState: <*> <*>,"['Package_for_KB3022777~31bf3856ad364e35~amd64~~6.1.1.0,', '112, CurrentState:112']"
568,2016-09-28,04:30:43,Info,CBS,Session: 30546174_88742082 initialized by client WindowsUpdateAgent.,08fb5d73,Session: <*> initialized by client WindowsUpdateAgent.,['30546174_88742082']
569,2016-09-28,04:30:43,Info,CBS,"Read out cached package applicability for package: Package_for_KB3161561~31bf3856ad364e35~amd64~~6.1.1.1, ApplicableState: 80, CurrentState:112",28e57347,Read out cached package applicability for package: <*> ApplicableState: <*> <*>,"['Package_for_KB3161561~31bf3856ad364e35~amd64~~6.1.1.1,', '80, CurrentState:112']"
570,2016-09-28,04:30:43,Info,CBS,Session: 30546174_89042099 initialized by client WindowsUpdateAgent.,08fb5d73,Session: <*> initialized by client WindowsUpdateAgent.,['30546174_89042099']
571,2016-09-28,04:30:43,Info,CBS,"Read out cached package applicability for package: Package_for_KB2800095~31bf3856ad364e35~amd64~~6.1.2.0, ApplicableState: 112, CurrentState:112",28e57347,Read out cached package applicability for package: <*> ApplicableState: <*> <*>,"['Package_for_KB2800095~31bf3856ad364e35~amd64~~6.1.2.0,', '112, CurrentState:112']"
572,2016-09-28,04:30:43,Info,CBS,Session: 30546174_89092102 initialized by client WindowsUpdateAgent.,08fb5d73,Session: <*> initialized by client WindowsUpdateAgent.,['30546174_89092102']
573,2016-09-28,04:30:43,Info,CBS,"Read out cached package applicability for package: Package_for_KB2818604~31bf3856ad364e35~amd64~~6.1.1.0, ApplicableState: 112, CurrentState:0",28e57347,Read out cached package applicability for package: <*> ApplicableState: <*> <*>,"['Package_for_KB2818604~31bf3856ad364e35~amd64~~6.1.1.0,', '112, CurrentState:0']"
574,2016-09-28,04:30:43,Info,CBS,Session: 30546174_89122104 initialized by client WindowsUpdateAgent.,08fb5d73,Session: <*> initialized by client WindowsUpdateAgent.,['30546174_89122104']
575,2016-09-28,04:30:43,Info,CBS,"Read out cached package applicability for package: Package_for_KB2570947~31bf3856ad364e35~amd64~~6.1.1.0, ApplicableState: 112, CurrentState:112",28e57347,Read out cached package applicability for package: <*> ApplicableState: <*> <*>,"['Package_for_KB2570947~31bf3856ad364e35~amd64~~6.1.1.0,', '112, CurrentState:112']"
576,2016-09-28,04:30:43,Info,CBS,Session: 30546174_89272113 initialized by client WindowsUpdateAgent.,08fb5d73,Session: <*> initialized by client WindowsUpdateAgent.,['30546174_89272113']
577,2016-09-28,04:30:43,Info,CBS,"Read out cached package applicability for package: Package_for_KB3035132~31bf3856ad364e35~amd64~~6.1.1.0, ApplicableState: 80, CurrentState:112",28e57347,Read out cached package applicability for package: <*> ApplicableState: <*> <*>,"['Package_for_KB3035132~31bf3856ad364e35~amd64~~6.1.1.0,', '80, CurrentState:112']"
578,2016-09-28,04:30:43,Info,CBS,Session: 30546174_89322115 initialized by client WindowsUpdateAgent.,08fb5d73,Session: <*> initialized by client WindowsUpdateAgent.,['30546174_89322115']
579,2016-09-28,04:30:43,Info,CBS,"Read out cached package applicability for package: Package_for_KB2972100~31bf3856ad364e35~amd64~~6.1.1.0, ApplicableState: 112, CurrentState:112",28e57347,Read out cached package applicability for package: <*> ApplicableState: <*> <*>,"['Package_for_KB2972100~31bf3856ad364e35~amd64~~6.1.1.0,', '112, CurrentState:112']"
580,2016-09-28,04:30:43,Info,CBS,Session: 30546174_89562129 initialized by client WindowsUpdateAgent.,08fb5d73,Session: <*> initialized by client WindowsUpdateAgent.,['30546174_89562129']
581,2016-09-28,04:30:43,Info,CBS,"Read out cached package applicability for package: Package_for_KB2966583~31bf3856ad364e35~amd64~~6.1.1.2, ApplicableState: 112, CurrentState:112",28e57347,Read out cached package applicability for package: <*> ApplicableState: <*> <*>,"['Package_for_KB2966583~31bf3856ad364e35~amd64~~6.1.1.2,', '112, CurrentState:112']"
582,2016-09-28,04:30:43,Info,CBS,Session: 30546174_89962152 initialized by client WindowsUpdateAgent.,08fb5d73,Session: <*> initialized by client WindowsUpdateAgent.,['30546174_89962152']
583,2016-09-28,04:30:43,Info,CBS,"Read out cached package applicability for package: Package_for_KB2685811~31bf3856ad364e35~amd64~~6.1.1.11, ApplicableState: 112, CurrentState:112",28e57347,Read out cached package applicability for package: <*> ApplicableState: <*> <*>,"['Package_for_KB2685811~31bf3856ad364e35~amd64~~6.1.1.11,', '112, CurrentState:112']"
584,2016-09-28,04:30:43,Info,CBS,Session: 30546174_90352174 initialized by client WindowsUpdateAgent.,08fb5d73,Session: <*> initialized by client WindowsUpdateAgent.,['30546174_90352174']
585,2016-09-28,04:30:43,Info,CBS,"Read out cached package applicability for package: Package_for_KB3110329~31bf3856ad364e35~amd64~~6.1.1.1, ApplicableState: 112, CurrentState:112",28e57347,Read out cached package applicability for package: <*> ApplicableState: <*> <*>,"['Package_for_KB3110329~31bf3856ad364e35~amd64~~6.1.1.1,', '112, CurrentState:112']"
586,2016-09-28,04:30:43,Info,CBS,Session: 30546174_90632190 initialized by client WindowsUpdateAgent.,08fb5d73,Session: <*> initialized by client WindowsUpdateAgent.,['30546174_90632190']
587,2016-09-28,04:30:43,Info,CBS,"Read out cached package applicability for package: Package_for_KB2545698~31bf3856ad364e35~amd64~~6.1.1.3, ApplicableState: 112, CurrentState:112",28e57347,Read out cached package applicability for package: <*> ApplicableState: <*> <*>,"['Package_for_KB2545698~31bf3856ad364e35~amd64~~6.1.1.3,', '112, CurrentState:112']"
588,2016-09-28,04:30:43,Info,CBS,Session: 30546174_90692194 initialized by client WindowsUpdateAgent.,08fb5d73,Session: <*> initialized by client WindowsUpdateAgent.,['30546174_90692194']
589,2016-09-28,04:30:43,Info,CBS,"Read out cached package applicability for package: Package_for_KB3124280~31bf3856ad364e35~amd64~~6.1.1.1, ApplicableState: 112, CurrentState:112",28e57347,Read out cached package applicability for package: <*> ApplicableState: <*> <*>,"['Package_for_KB3124280~31bf3856ad364e35~amd64~~6.1.1.1,', '112, CurrentState:112']"
590,2016-09-28,04:30:43,Info,CBS,Session: 30546174_90722196 initialized by client WindowsUpdateAgent.,08fb5d73,Session: <*> initialized by client WindowsUpdateAgent.,['30546174_90722196']
591,2016-09-28,04:30:43,Info,CBS,"Read out cached package applicability for package: Microsoft-Hyper-V-Integration-Services-Package~31bf3856ad364e35~amd64~~6.3.9600.17388, ApplicableState: 112, CurrentState:0",28e57347,Read out cached package applicability for package: <*> ApplicableState: <*> <*>,"['Microsoft-Hyper-V-Integration-Services-Package~31bf3856ad364e35~amd64~~6.3.9600.17388,', '112, CurrentState:0']"
592,2016-09-28,04:30:43,Info,CBS,Session: 30546174_90802200 initialized by client WindowsUpdateAgent.,08fb5d73,Session: <*> initialized by client WindowsUpdateAgent.,['30546174_90802200']
593,2016-09-28,04:30:43,Info,CBS,Session: 30546174_90832202 initialized by client WindowsUpdateAgent.,08fb5d73,Session: <*> initialized by client WindowsUpdateAgent.,['30546174_90832202']
594,2016-09-28,04:30:43,Info,CBS,"Read out cached package applicability for package: Package_for_KB2676562~31bf3856ad364e35~amd64~~6.1.1.3, ApplicableState: 112, CurrentState:112",28e57347,Read out cached package applicability for package: <*> ApplicableState: <*> <*>,"['Package_for_KB2676562~31bf3856ad364e35~amd64~~6.1.1.3,', '112, CurrentState:112']"
595,2016-09-28,04:30:43,Info,CBS,Session: 30546174_90912206 initialized by client WindowsUpdateAgent.,08fb5d73,Session: <*> initialized by client WindowsUpdateAgent.,['30546174_90912206']
596,2016-09-28,04:30:43,Info,CBS,"Read out cached package applicability for package: Package_for_KB2970228~31bf3856ad364e35~amd64~~6.1.1.2, ApplicableState: 112, CurrentState:112",28e57347,Read out cached package applicability for package: <*> ApplicableState: <*> <*>,"['Package_for_KB2970228~31bf3856ad364e35~amd64~~6.1.1.2,', '112, CurrentState:112']"
597,2016-09-28,04:30:43,Info,CBS,Session: 30546174_91002212 initialized by client WindowsUpdateAgent.,08fb5d73,Session: <*> initialized by client WindowsUpdateAgent.,['30546174_91002212']
598,2016-09-28,04:30:43,Info,CBS,"Read out cached package applicability for package: Package_for_KB2512715~31bf3856ad364e35~amd64~~6.1.1.1, ApplicableState: 0, CurrentState:0",28e57347,Read out cached package applicability for package: <*> ApplicableState: <*> <*>,"['Package_for_KB2512715~31bf3856ad364e35~amd64~~6.1.1.1,', '0, CurrentState:0']"
599,2016-09-28,04:30:43,Info,CBS,Session: 30546174_91262226 initialized by client WindowsUpdateAgent.,08fb5d73,Session: <*> initialized by client WindowsUpdateAgent.,['30546174_91262226']
600,2016-09-28,04:30:43,Info,CBS,"Read out cached package applicability for package: Package_for_KB2965788~31bf3856ad364e35~amd64~~6.1.1.1, ApplicableState: 80, CurrentState:112",28e57347,Read out cached package applicability for package: <*> ApplicableState: <*> <*>,"['Package_for_KB2965788~31bf3856ad364e35~amd64~~6.1.1.1,', '80, CurrentState:112']"
601,2016-09-28,04:30:43,Info,CBS,Session: 30546174_91282228 initialized by client WindowsUpdateAgent.,08fb5d73,Session: <*> initialized by client WindowsUpdateAgent.,['30546174_91282228']
602,2016-09-28,04:30:43,Info,CBS,"Read out cached package applicability for package: Package_for_KB3030377~31bf3856ad364e35~amd64~~6.1.1.2, ApplicableState: 112, CurrentState:112",28e57347,Read out cached package applicability for package: <*> ApplicableState: <*> <*>,"['Package_for_KB3030377~31bf3856ad364e35~amd64~~6.1.1.2,', '112, CurrentState:112']"
603,2016-09-28,04:30:43,Info,CBS,Session: 30546174_91382233 initialized by client WindowsUpdateAgent.,08fb5d73,Session: <*> initialized by client WindowsUpdateAgent.,['30546174_91382233']
604,2016-09-28,04:30:43,Info,CBS,"Read out cached package applicability for package: Package_for_KB3021917~31bf3856ad364e35~amd64~~6.1.1.3, ApplicableState: 112, CurrentState:112",28e57347,Read out cached package applicability for package: <*> ApplicableState: <*> <*>,"['Package_for_KB3021917~31bf3856ad364e35~amd64~~6.1.1.3,', '112, CurrentState:112']"
605,2016-09-28,04:30:43,Info,CBS,Session: 30546174_91422236 initialized by client WindowsUpdateAgent.,08fb5d73,Session: <*> initialized by client WindowsUpdateAgent.,['30546174_91422236']
606,2016-09-28,04:30:43,Info,CBS,"Read out cached package applicability for package: Package_for_KB2853952~31bf3856ad364e35~amd64~~6.1.1.2, ApplicableState: 112, CurrentState:112",28e57347,Read out cached package applicability for package: <*> ApplicableState: <*> <*>,"['Package_for_KB2853952~31bf3856ad364e35~amd64~~6.1.1.2,', '112, CurrentState:112']"
607,2016-09-28,04:30:43,Info,CBS,Session: 30546174_91472238 initialized by client WindowsUpdateAgent.,08fb5d73,Session: <*> initialized by client WindowsUpdateAgent.,['30546174_91472238']
608,2016-09-28,04:30:43,Info,CBS,"Read out cached package applicability for package: Package_for_KB2706045~31bf3856ad364e35~amd64~~6.1.1.0, ApplicableState: 80, CurrentState:0",28e57347,Read out cached package applicability for package: <*> ApplicableState: <*> <*>,"['Package_for_KB2706045~31bf3856ad364e35~amd64~~6.1.1.0,', '80, CurrentState:0']"
609,2016-09-28,04:30:43,Info,CBS,Session: 30546174_91532242 initialized by client WindowsUpdateAgent.,08fb5d73,Session: <*> initialized by client WindowsUpdateAgent.,['30546174_91532242']
610,2016-09-28,04:30:43,Info,CBS,"Read out cached package applicability for package: Package_for_KB2510531~31bf3856ad364e35~amd64~~6.1.1.0, ApplicableState: 80, CurrentState:112",28e57347,Read out cached package applicability for package: <*> ApplicableState: <*> <*>,"['Package_for_KB2510531~31bf3856ad364e35~amd64~~6.1.1.0,', '80, CurrentState:112']"
611,2016-09-28,04:30:43,Info,CBS,Session: 30546174_91592245 initialized by client WindowsUpdateAgent.,08fb5d73,Session: <*> initialized by client WindowsUpdateAgent.,['30546174_91592245']
612,2016-09-28,04:30:43,Info,CBS,"Read out cached package applicability for package: Package_for_KB2847927~31bf3856ad364e35~amd64~~6.1.1.1, ApplicableState: 112, CurrentState:112",28e57347,Read out cached package applicability for package: <*> ApplicableState: <*> <*>,"['Package_for_KB2847927~31bf3856ad364e35~amd64~~6.1.1.1,', '112, CurrentState:112']"
613,2016-09-28,04:30:43,Info,CBS,Session: 30546174_91672250 initialized by client WindowsUpdateAgent.,08fb5d73,Session: <*> initialized by client WindowsUpdateAgent.,['30546174_91672250']
614,2016-09-28,04:30:43,Info,CBS,"Read out cached package applicability for package: Package_for_KB2604115~31bf3856ad364e35~amd64~~6.1.1.3, ApplicableState: 112, CurrentState:112",28e57347,Read out cached package applicability for package: <*> ApplicableState: <*> <*>,"['Package_for_KB2604115~31bf3856ad364e35~amd64~~6.1.1.3,', '112, CurrentState:112']"
615,2016-09-28,04:30:43,Info,CBS,Session: 30546174_92052272 initialized by client WindowsUpdateAgent.,08fb5d73,Session: <*> initialized by client WindowsUpdateAgent.,['30546174_92052272']
616,2016-09-28,04:30:43,Info,CBS,"Read out cached package applicability for package: Package_for_KB3013531~31bf3856ad364e35~amd64~~6.1.2.0, ApplicableState: 112, CurrentState:112",28e57347,Read out cached package applicability for package: <*> ApplicableState: <*> <*>,"['Package_for_KB3013531~31bf3856ad364e35~amd64~~6.1.2.0,', '112, CurrentState:112']"
617,2016-09-28,04:30:44,Info,CBS,Session: 30546174_92302286 initialized by client WindowsUpdateAgent.,08fb5d73,Session: <*> initialized by client WindowsUpdateAgent.,['30546174_92302286']
618,2016-09-28,04:30:44,Info,CBS,"Read out cached package applicability for package: Package_for_KB2893519~31bf3856ad364e35~amd64~~6.1.1.0, ApplicableState: 112, CurrentState:112",28e57347,Read out cached package applicability for package: <*> ApplicableState: <*> <*>,"['Package_for_KB2893519~31bf3856ad364e35~amd64~~6.1.1.0,', '112, CurrentState:112']"
619,2016-09-28,04:30:44,Info,CBS,Session: 30546174_93492354 initialized by client WindowsUpdateAgent.,08fb5d73,Session: <*> initialized by client WindowsUpdateAgent.,['30546174_93492354']
620,2016-09-28,04:30:44,Info,CBS,"Read out cached package applicability for package: Package_for_KB2703157~31bf3856ad364e35~amd64~~6.1.1.0, ApplicableState: 80, CurrentState:0",28e57347,Read out cached package applicability for package: <*> ApplicableState: <*> <*>,"['Package_for_KB2703157~31bf3856ad364e35~amd64~~6.1.1.0,', '80, CurrentState:0']"
621,2016-09-28,04:30:44,Info,CBS,Session: 30546174_93642363 initialized by client WindowsUpdateAgent.,08fb5d73,Session: <*> initialized by client WindowsUpdateAgent.,['30546174_93642363']
622,2016-09-28,04:30:44,Info,CBS,"Read out cached package applicability for package: Package_for_KB3133977~31bf3856ad364e35~amd64~~6.1.1.2, ApplicableState: 112, CurrentState:112",28e57347,Read out cached package applicability for package: <*> ApplicableState: <*> <*>,"['Package_for_KB3133977~31bf3856ad364e35~amd64~~6.1.1.2,', '112, CurrentState:112']"
623,2016-09-28,04:30:44,Info,CBS,Session: 30546174_94042385 initialized by client WindowsUpdateAgent.,08fb5d73,Session: <*> initialized by client WindowsUpdateAgent.,['30546174_94042385']
624,2016-09-28,04:30:44,Info,CBS,"Read out cached package applicability for package: Package_for_KB3109094~31bf3856ad364e35~amd64~~6.1.1.1, ApplicableState: 112, CurrentState:112",28e57347,Read out cached package applicability for package: <*> ApplicableState: <*> <*>,"['Package_for_KB3109094~31bf3856ad364e35~amd64~~6.1.1.1,', '112, CurrentState:112']"
625,2016-09-28,04:30:44,Info,CBS,Session: 30546174_94182393 initialized by client WindowsUpdateAgent.,08fb5d73,Session: <*> initialized by client WindowsUpdateAgent.,['30546174_94182393']
626,2016-09-28,04:30:44,Info,CBS,"Read out cached package applicability for package: Package_for_KB2506212~31bf3856ad364e35~amd64~~6.1.1.2, ApplicableState: 112, CurrentState:112",28e57347,Read out cached package applicability for package: <*> ApplicableState: <*> <*>,"['Package_for_KB2506212~31bf3856ad364e35~amd64~~6.1.1.2,', '112, CurrentState:112']"
627,2016-09-28,04:30:44,Info,CBS,Session: 30546174_94222396 initialized by client WindowsUpdateAgent.,08fb5d73,Session: <*> initialized by client WindowsUpdateAgent.,['30546174_94222396']
628,2016-09-28,04:30:44,Info,CBS,"Read out cached package applicability for package: Package_for_KB3076949~31bf3856ad364e35~amd64~~6.1.1.0, ApplicableState: 112, CurrentState:112",28e57347,Read out cached package applicability for package: <*> ApplicableState: <*> <*>,"['Package_for_KB3076949~31bf3856ad364e35~amd64~~6.1.1.0,', '112, CurrentState:112']"
629,2016-09-28,04:30:44,Info,CBS,Session: 30546174_94392405 initialized by client WindowsUpdateAgent.,08fb5d73,Session: <*> initialized by client WindowsUpdateAgent.,['30546174_94392405']
630,2016-09-28,04:30:44,Info,CBS,Session: 30546174_94722424 initialized by client WindowsUpdateAgent.,08fb5d73,Session: <*> initialized by client WindowsUpdateAgent.,['30546174_94722424']
631,2016-09-28,04:30:44,Info,CBS,"Read out cached package applicability for package: Package_for_KB2871997~31bf3856ad364e35~amd64~~6.1.2.5, ApplicableState: 112, CurrentState:112",28e57347,Read out cached package applicability for package: <*> ApplicableState: <*> <*>,"['Package_for_KB2871997~31bf3856ad364e35~amd64~~6.1.2.5,', '112, CurrentState:112']"
632,2016-09-28,04:30:44,Info,CBS,Session: 30546174_97232568 initialized by client WindowsUpdateAgent.,08fb5d73,Session: <*> initialized by client WindowsUpdateAgent.,['30546174_97232568']
633,2016-09-28,04:30:44,Info,CBS,"Read out cached package applicability for package: Package_for_KB3164035~31bf3856ad364e35~amd64~~6.1.1.1, ApplicableState: 112, CurrentState:112",28e57347,Read out cached package applicability for package: <*> ApplicableState: <*> <*>,"['Package_for_KB3164035~31bf3856ad364e35~amd64~~6.1.1.1,', '112, CurrentState:112']"
634,2016-09-28,04:30:44,Info,CBS,Session: 30546174_97282571 initialized by client WindowsUpdateAgent.,08fb5d73,Session: <*> initialized by client WindowsUpdateAgent.,['30546174_97282571']
635,2016-09-28,04:30:44,Info,CBS,Session: 30546174_97402578 initialized by client WindowsUpdateAgent.,08fb5d73,Session: <*> initialized by client WindowsUpdateAgent.,['30546174_97402578']
636,2016-09-28,04:30:44,Info,CBS,"Read out cached package applicability for package: Package_for_KB2574819~31bf3856ad364e35~amd64~~6.1.2.0, ApplicableState: 112, CurrentState:112",28e57347,Read out cached package applicability for package: <*> ApplicableState: <*> <*>,"['Package_for_KB2574819~31bf3856ad364e35~amd64~~6.1.2.0,', '112, CurrentState:112']"
637,2016-09-28,04:30:44,Info,CBS,Session: 30546174_97982611 initialized by client WindowsUpdateAgent.,08fb5d73,Session: <*> initialized by client WindowsUpdateAgent.,['30546174_97982611']
638,2016-09-28,04:30:44,Info,CBS,"Read out cached package applicability for package: Microsoft-Windows-RDP-WinIP-Package-TopLevel~31bf3856ad364e35~amd64~~7.1.7601.16398, ApplicableState: 112, CurrentState:112",28e57347,Read out cached package applicability for package: <*> ApplicableState: <*> <*>,"['Microsoft-Windows-RDP-WinIP-Package-TopLevel~31bf3856ad364e35~amd64~~7.1.7601.16398,', '112, CurrentState:112']"
639,2016-09-28,04:30:44,Info,CBS,Session: 30546174_98162621 initialized by client WindowsUpdateAgent.,08fb5d73,Session: <*> initialized by client WindowsUpdateAgent.,['30546174_98162621']
640,2016-09-28,04:30:44,Info,CBS,"Read out cached package applicability for package: Package_for_KB2843630~31bf3856ad364e35~amd64~~6.1.3.1, ApplicableState: 112, CurrentState:112",28e57347,Read out cached package applicability for package: <*> ApplicableState: <*> <*>,"['Package_for_KB2843630~31bf3856ad364e35~amd64~~6.1.3.1,', '112, CurrentState:112']"
641,2016-09-28,04:30:44,Info,CBS,Session: 30546174_99082674 initialized by client WindowsUpdateAgent.,08fb5d73,Session: <*> initialized by client WindowsUpdateAgent.,['30546174_99082674']
642,2016-09-28,04:30:44,Info,CBS,"Read out cached package applicability for package: Package_for_KB2862330~31bf3856ad364e35~amd64~~6.1.2.0, ApplicableState: 112, CurrentState:112",28e57347,Read out cached package applicability for package: <*> ApplicableState: <*> <*>,"['Package_for_KB2862330~31bf3856ad364e35~amd64~~6.1.2.0,', '112, CurrentState:112']"
643,2016-09-28,04:30:44,Info,CBS,Session: 30546174_99222682 initialized by client WindowsUpdateAgent.,08fb5d73,Session: <*> initialized by client WindowsUpdateAgent.,['30546174_99222682']
644,2016-09-28,04:30:44,Info,CBS,"Read out cached package applicability for package: Package_for_KB2834140~31bf3856ad364e35~amd64~~6.1.2.0, ApplicableState: 112, CurrentState:0",28e57347,Read out cached package applicability for package: <*> ApplicableState: <*> <*>,"['Package_for_KB2834140~31bf3856ad364e35~amd64~~6.1.2.0,', '112, CurrentState:0']"
645,2016-09-28,04:30:44,Info,CBS,Session: 30546174_99252683 initialized by client WindowsUpdateAgent.,08fb5d73,Session: <*> initialized by client WindowsUpdateAgent.,['30546174_99252683']
646,2016-09-28,04:30:44,Info,CBS,Session: 30546174_99402692 initialized by client WindowsUpdateAgent.,08fb5d73,Session: <*> initialized by client WindowsUpdateAgent.,['30546174_99402692']
647,2016-09-28,04:30:44,Info,CBS,"Read out cached package applicability for package: Package_for_KB2726535~31bf3856ad364e35~amd64~~6.1.1.1, ApplicableState: 112, CurrentState:112",28e57347,Read out cached package applicability for package: <*> ApplicableState: <*> <*>,"['Package_for_KB2726535~31bf3856ad364e35~amd64~~6.1.1.1,', '112, CurrentState:112']"
648,2016-09-28,04:30:44,Info,CBS,Session: 30546174_100742769 initialized by client WindowsUpdateAgent.,08fb5d73,Session: <*> initialized by client WindowsUpdateAgent.,['30546174_100742769']
649,2016-09-28,04:30:44,Info,CBS,Session: 30546174_100772770 initialized by client WindowsUpdateAgent.,08fb5d73,Session: <*> initialized by client WindowsUpdateAgent.,['30546174_100772770']
650,2016-09-28,04:30:44,Info,CBS,"Read out cached package applicability for package: Package_for_KB3046269~31bf3856ad364e35~amd64~~6.1.1.0, ApplicableState: 112, CurrentState:112",28e57347,Read out cached package applicability for package: <*> ApplicableState: <*> <*>,"['Package_for_KB3046269~31bf3856ad364e35~amd64~~6.1.1.0,', '112, CurrentState:112']"
651,2016-09-28,04:30:44,Info,CBS,Session: 30546174_100922779 initialized by client WindowsUpdateAgent.,08fb5d73,Session: <*> initialized by client WindowsUpdateAgent.,['30546174_100922779']
652,2016-09-28,04:30:44,Info,CBS,"Read out cached package applicability for package: Package_for_KB3139398~31bf3856ad364e35~amd64~~6.1.1.1, ApplicableState: 112, CurrentState:112",28e57347,Read out cached package applicability for package: <*> ApplicableState: <*> <*>,"['Package_for_KB3139398~31bf3856ad364e35~amd64~~6.1.1.1,', '112, CurrentState:112']"
653,2016-09-28,04:30:44,Info,CBS,Session: 30546174_100952781 initialized by client WindowsUpdateAgent.,08fb5d73,Session: <*> initialized by client WindowsUpdateAgent.,['30546174_100952781']
654,2016-09-28,04:30:44,Info,CBS,"Read out cached package applicability for package: Package_for_KB2719857~31bf3856ad364e35~amd64~~6.1.1.2, ApplicableState: 112, CurrentState:112",28e57347,Read out cached package applicability for package: <*> ApplicableState: <*> <*>,"['Package_for_KB2719857~31bf3856ad364e35~amd64~~6.1.1.2,', '112, CurrentState:112']"
655,2016-09-28,04:30:44,Info,CBS,Session: 30546174_100982782 initialized by client WindowsUpdateAgent.,08fb5d73,Session: <*> initialized by client WindowsUpdateAgent.,['30546174_100982782']
656,2016-09-28,04:30:44,Info,CBS,"Read out cached package applicability for package: Package_for_KB2603229~31bf3856ad364e35~amd64~~6.1.1.0, ApplicableState: 112, CurrentState:112",28e57347,Read out cached package applicability for package: <*> ApplicableState: <*> <*>,"['Package_for_KB2603229~31bf3856ad364e35~amd64~~6.1.1.0,', '112, CurrentState:112']"
657,2016-09-28,04:30:44,Info,CBS,Session: 30546174_101102789 initialized by client WindowsUpdateAgent.,08fb5d73,Session: <*> initialized by client WindowsUpdateAgent.,['30546174_101102789']
658,2016-09-28,04:30:44,Info,CBS,"Read out cached package applicability for package: Package_for_KB3109560~31bf3856ad364e35~amd64~~6.1.1.1, ApplicableState: 112, CurrentState:112",28e57347,Read out cached package applicability for package: <*> ApplicableState: <*> <*>,"['Package_for_KB3109560~31bf3856ad364e35~amd64~~6.1.1.1,', '112, CurrentState:112']"
659,2016-09-28,04:30:44,Info,CBS,Session: 30546174_101172793 initialized by client WindowsUpdateAgent.,08fb5d73,Session: <*> initialized by client WindowsUpdateAgent.,['30546174_101172793']
660,2016-09-28,04:30:44,Info,CBS,"Read out cached package applicability for package: Package_for_KB2807986~31bf3856ad364e35~amd64~~6.1.1.2, ApplicableState: 112, CurrentState:112",28e57347,Read out cached package applicability for package: <*> ApplicableState: <*> <*>,"['Package_for_KB2807986~31bf3856ad364e35~amd64~~6.1.1.2,', '112, CurrentState:112']"
661,2016-09-28,04:30:44,Info,CBS,Session: 30546174_101232797 initialized by client WindowsUpdateAgent.,08fb5d73,Session: <*> initialized by client WindowsUpdateAgent.,['30546174_101232797']
662,2016-09-28,04:30:44,Info,CBS,"Read out cached package applicability for package: Package_for_KB3135983~31bf3856ad364e35~amd64~~6.1.1.0, ApplicableState: 112, CurrentState:112",28e57347,Read out cached package applicability for package: <*> ApplicableState: <*> <*>,"['Package_for_KB3135983~31bf3856ad364e35~amd64~~6.1.1.0,', '112, CurrentState:112']"
663,2016-09-28,04:30:44,Info,CBS,Session: 30546174_101272799 initialized by client WindowsUpdateAgent.,08fb5d73,Session: <*> initialized by client WindowsUpdateAgent.,['30546174_101272799']
664,2016-09-28,04:30:44,Info,CBS,"Read out cached package applicability for package: Package_for_KB2667402~31bf3856ad364e35~amd64~~6.1.2.0, ApplicableState: 112, CurrentState:112",28e57347,Read out cached package applicability for package: <*> ApplicableState: <*> <*>,"['Package_for_KB2667402~31bf3856ad364e35~amd64~~6.1.2.0,', '112, CurrentState:112']"
665,2016-09-28,04:30:44,Info,CBS,Session: 30546174_101322802 initialized by client WindowsUpdateAgent.,08fb5d73,Session: <*> initialized by client WindowsUpdateAgent.,['30546174_101322802']
666,2016-09-28,04:30:44,Info,CBS,"Read out cached package applicability for package: Package_for_KB2791765~31bf3856ad364e35~amd64~~6.1.1.2, ApplicableState: 112, CurrentState:112",28e57347,Read out cached package applicability for package: <*> ApplicableState: <*> <*>,"['Package_for_KB2791765~31bf3856ad364e35~amd64~~6.1.1.2,', '112, CurrentState:112']"
667,2016-09-28,04:30:44,Info,CBS,Session: 30546174_101632820 initialized by client WindowsUpdateAgent.,08fb5d73,Session: <*> initialized by client WindowsUpdateAgent.,['30546174_101632820']
668,2016-09-28,04:30:44,Info,CBS,"Read out cached package applicability for package: Microsoft-Hyper-V-Integration-Services-Package~31bf3856ad364e35~amd64~~6.3.9600.18080, ApplicableState: 112, CurrentState:0",28e57347,Read out cached package applicability for package: <*> ApplicableState: <*> <*>,"['Microsoft-Hyper-V-Integration-Services-Package~31bf3856ad364e35~amd64~~6.3.9600.18080,', '112, CurrentState:0']"
669,2016-09-28,04:30:44,Info,CBS,Session: 30546174_101752826 initialized by client WindowsUpdateAgent.,08fb5d73,Session: <*> initialized by client WindowsUpdateAgent.,['30546174_101752826']
670,2016-09-28,04:30:44,Info,CBS,"Read out cached package applicability for package: Package_for_KB3139940~31bf3856ad364e35~amd64~~6.1.1.0, ApplicableState: 80, CurrentState:112",28e57347,Read out cached package applicability for package: <*> ApplicableState: <*> <*>,"['Package_for_KB3139940~31bf3856ad364e35~amd64~~6.1.1.0,', '80, CurrentState:112']"
671,2016-09-28,04:30:44,Info,CBS,Session: 30546174_101792829 initialized by client WindowsUpdateAgent.,08fb5d73,Session: <*> initialized by client WindowsUpdateAgent.,['30546174_101792829']
672,2016-09-28,04:30:44,Info,CBS,"Read out cached package applicability for package: Package_for_KB2719033~31bf3856ad364e35~amd64~~6.1.1.0, ApplicableState: 80, CurrentState:0",28e57347,Read out cached package applicability for package: <*> ApplicableState: <*> <*>,"['Package_for_KB2719033~31bf3856ad364e35~amd64~~6.1.1.0,', '80, CurrentState:0']"
673,2016-09-28,04:30:44,Info,CBS,Session: 30546174_101842832 initialized by client WindowsUpdateAgent.,08fb5d73,Session: <*> initialized by client WindowsUpdateAgent.,['30546174_101842832']
674,2016-09-28,04:30:44,Info,CBS,"Read out cached package applicability for package: Package_for_KB3109103~31bf3856ad364e35~amd64~~6.1.1.0, ApplicableState: 112, CurrentState:112",28e57347,Read out cached package applicability for package: <*> ApplicableState: <*> <*>,"['Package_for_KB3109103~31bf3856ad364e35~amd64~~6.1.1.0,', '112, CurrentState:112']"
675,2016-09-28,04:30:44,Info,CBS,Session: 30546174_101902835 initialized by client WindowsUpdateAgent.,08fb5d73,Session: <*> initialized by client WindowsUpdateAgent.,['30546174_101902835']
676,2016-09-28,04:30:44,Info,CBS,"Read out cached package applicability for package: Package_for_KB2864202~31bf3856ad364e35~amd64~~6.1.1.0, ApplicableState: 112, CurrentState:112",28e57347,Read out cached package applicability for package: <*> ApplicableState: <*> <*>,"['Package_for_KB2864202~31bf3856ad364e35~amd64~~6.1.1.0,', '112, CurrentState:112']"
677,2016-09-28,04:30:44,Info,CBS,Session: 30546174_102002841 initialized by client WindowsUpdateAgent.,08fb5d73,Session: <*> initialized by client WindowsUpdateAgent.,['30546174_102002841']
678,2016-09-28,04:30:45,Info,CBS,"Read out cached package applicability for package: Package_for_KB3074543~31bf3856ad364e35~amd64~~6.1.1.0, ApplicableState: 112, CurrentState:112",28e57347,Read out cached package applicability for package: <*> ApplicableState: <*> <*>,"['Package_for_KB3074543~31bf3856ad364e35~amd64~~6.1.1.0,', '112, CurrentState:112']"
679,2016-09-28,04:30:45,Info,CBS,Session: 30546174_102442866 initialized by client WindowsUpdateAgent.,08fb5d73,Session: <*> initialized by client WindowsUpdateAgent.,['30546174_102442866']
680,2016-09-28,04:30:45,Info,CBS,"Read out cached package applicability for package: Package_for_KB3040272~31bf3856ad364e35~amd64~~6.1.1.1, ApplicableState: 80, CurrentState:112",28e57347,Read out cached package applicability for package: <*> ApplicableState: <*> <*>,"['Package_for_KB3040272~31bf3856ad364e35~amd64~~6.1.1.1,', '80, CurrentState:112']"
681,2016-09-28,04:30:45,Info,CBS,Session: 30546174_103902949 initialized by client WindowsUpdateAgent.,08fb5d73,Session: <*> initialized by client WindowsUpdateAgent.,['30546174_103902949']
682,2016-09-28,04:30:45,Info,CBS,"Read out cached package applicability for package: Package_for_KB3142042~31bf3856ad364e35~amd64~~6.1.1.2, ApplicableState: 112, CurrentState:112",28e57347,Read out cached package applicability for package: <*> ApplicableState: <*> <*>,"['Package_for_KB3142042~31bf3856ad364e35~amd64~~6.1.1.2,', '112, CurrentState:112']"
683,2016-09-28,04:30:45,Info,CBS,Session: 30546174_104472982 initialized by client WindowsUpdateAgent.,08fb5d73,Session: <*> initialized by client WindowsUpdateAgent.,['30546174_104472982']
684,2016-09-28,04:30:45,Info,CBS,"Read out cached package applicability for package: Package_for_KB3042058~31bf3856ad364e35~amd64~~6.1.1.1, ApplicableState: 80, CurrentState:112",28e57347,Read out cached package applicability for package: <*> ApplicableState: <*> <*>,"['Package_for_KB3042058~31bf3856ad364e35~amd64~~6.1.1.1,', '80, CurrentState:112']"
685,2016-09-28,04:30:45,Info,CBS,Session: 30546174_106683108 initialized by client WindowsUpdateAgent.,08fb5d73,Session: <*> initialized by client WindowsUpdateAgent.,['30546174_106683108']
686,2016-09-28,04:30:45,Info,CBS,"Read out cached package applicability for package: Package_for_KB3023215~31bf3856ad364e35~amd64~~6.1.1.0, ApplicableState: 112, CurrentState:112",28e57347,Read out cached package applicability for package: <*> ApplicableState: <*> <*>,"['Package_for_KB3023215~31bf3856ad364e35~amd64~~6.1.1.0,', '112, CurrentState:112']"
687,2016-09-28,04:30:45,Info,CBS,Session: 30546174_106973125 initialized by client WindowsUpdateAgent.,08fb5d73,Session: <*> initialized by client WindowsUpdateAgent.,['30546174_106973125']
688,2016-09-28,04:30:45,Info,CBS,"Read out cached package applicability for package: Package_for_KB3108381~31bf3856ad364e35~amd64~~6.1.1.1, ApplicableState: 112, CurrentState:112",28e57347,Read out cached package applicability for package: <*> ApplicableState: <*> <*>,"['Package_for_KB3108381~31bf3856ad364e35~amd64~~6.1.1.1,', '112, CurrentState:112']"
689,2016-09-28,04:30:45,Info,CBS,Session: 30546174_107003127 initialized by client WindowsUpdateAgent.,08fb5d73,Session: <*> initialized by client WindowsUpdateAgent.,['30546174_107003127']
690,2016-09-28,04:30:45,Info,CBS,"Read out cached package applicability for package: Package_for_KB2868038~31bf3856ad364e35~amd64~~6.1.1.2, ApplicableState: 112, CurrentState:112",28e57347,Read out cached package applicability for package: <*> ApplicableState: <*> <*>,"['Package_for_KB2868038~31bf3856ad364e35~amd64~~6.1.1.2,', '112, CurrentState:112']"
691,2016-09-28,04:30:45,Info,CBS,Session: 30546174_107053130 initialized by client WindowsUpdateAgent.,08fb5d73,Session: <*> initialized by client WindowsUpdateAgent.,['30546174_107053130']
692,2016-09-28,04:30:45,Info,CBS,"Read out cached package applicability for package: Package_for_KB2750841~31bf3856ad364e35~amd64~~6.1.1.3, ApplicableState: 112, CurrentState:112",28e57347,Read out cached package applicability for package: <*> ApplicableState: <*> <*>,"['Package_for_KB2750841~31bf3856ad364e35~amd64~~6.1.1.3,', '112, CurrentState:112']"
693,2016-09-28,04:30:45,Info,CBS,Session: 30546174_107333146 initialized by client WindowsUpdateAgent.,08fb5d73,Session: <*> initialized by client WindowsUpdateAgent.,['30546174_107333146']
694,2016-09-28,04:30:45,Info,CBS,"Read out cached package applicability for package: Package_for_KB3185911~31bf3856ad364e35~amd64~~6.1.1.0, ApplicableState: 112, CurrentState:112",28e57347,Read out cached package applicability for package: <*> ApplicableState: <*> <*>,"['Package_for_KB3185911~31bf3856ad364e35~amd64~~6.1.1.0,', '112, CurrentState:112']"
695,2016-09-28,04:30:45,Info,CBS,Session: 30546174_107363147 initialized by client WindowsUpdateAgent.,08fb5d73,Session: <*> initialized by client WindowsUpdateAgent.,['30546174_107363147']
696,2016-09-28,04:30:45,Info,CBS,"Read out cached package applicability for package: Package_for_KB3138910~31bf3856ad364e35~amd64~~6.1.1.0, ApplicableState: 112, CurrentState:112",28e57347,Read out cached package applicability for package: <*> ApplicableState: <*> <*>,"['Package_for_KB3138910~31bf3856ad364e35~amd64~~6.1.1.0,', '112, CurrentState:112']"
697,2016-09-28,04:30:45,Info,CBS,Session: 30546174_107383149 initialized by client WindowsUpdateAgent.,08fb5d73,Session: <*> initialized by client WindowsUpdateAgent.,['30546174_107383149']
698,2016-09-28,04:30:45,Info,CBS,"Read out cached package applicability for package: Package_for_KB2862335~31bf3856ad364e35~amd64~~6.1.1.2, ApplicableState: 112, CurrentState:112",28e57347,Read out cached package applicability for package: <*> ApplicableState: <*> <*>,"['Package_for_KB2862335~31bf3856ad364e35~amd64~~6.1.1.2,', '112, CurrentState:112']"
699,2016-09-28,04:30:45,Info,CBS,Session: 30546174_107523157 initialized by client WindowsUpdateAgent.,08fb5d73,Session: <*> initialized by client WindowsUpdateAgent.,['30546174_107523157']
700,2016-09-28,04:30:45,Info,CBS,"Read out cached package applicability for package: Package_for_KB2908783~31bf3856ad364e35~amd64~~6.1.1.2, ApplicableState: 112, CurrentState:112",28e57347,Read out cached package applicability for package: <*> ApplicableState: <*> <*>,"['Package_for_KB2908783~31bf3856ad364e35~amd64~~6.1.1.2,', '112, CurrentState:112']"
701,2016-09-28,04:30:45,Info,CBS,Session: 30546174_108313202 initialized by client WindowsUpdateAgent.,08fb5d73,Session: <*> initialized by client WindowsUpdateAgent.,['30546174_108313202']
702,2016-09-28,04:30:45,Info,CBS,"Read out cached package applicability for package: Package_for_KB3020393~31bf3856ad364e35~amd64~~6.1.1.2, ApplicableState: 64, CurrentState:0",28e57347,Read out cached package applicability for package: <*> ApplicableState: <*> <*>,"['Package_for_KB3020393~31bf3856ad364e35~amd64~~6.1.1.2,', '64, CurrentState:0']"
703,2016-09-28,04:30:45,Info,CBS,Session: 30546174_108353204 initialized by client WindowsUpdateAgent.,08fb5d73,Session: <*> initialized by client WindowsUpdateAgent.,['30546174_108353204']
704,2016-09-28,04:30:45,Info,CBS,"Read out cached package applicability for package: Package_for_KB2772930~31bf3856ad364e35~amd64~~6.1.1.1, ApplicableState: 0, CurrentState:0",28e57347,Read out cached package applicability for package: <*> ApplicableState: <*> <*>,"['Package_for_KB2772930~31bf3856ad364e35~amd64~~6.1.1.1,', '0, CurrentState:0']"
705,2016-09-28,04:30:45,Info,CBS,Session: 30546174_108613219 initialized by client WindowsUpdateAgent.,08fb5d73,Session: <*> initialized by client WindowsUpdateAgent.,['30546174_108613219']
706,2016-09-28,04:30:45,Info,CBS,"Read out cached package applicability for package: Package_for_KB2621146~31bf3856ad364e35~amd64~~6.1.1.0, ApplicableState: 0, CurrentState:0",28e57347,Read out cached package applicability for package: <*> ApplicableState: <*> <*>,"['Package_for_KB2621146~31bf3856ad364e35~amd64~~6.1.1.0,', '0, CurrentState:0']"
707,2016-09-28,04:30:45,Info,CBS,Session: 30546174_108633220 initialized by client WindowsUpdateAgent.,08fb5d73,Session: <*> initialized by client WindowsUpdateAgent.,['30546174_108633220']
708,2016-09-28,04:30:45,Info,CBS,"Read out cached package applicability for package: Package_for_KB2601626~31bf3856ad364e35~amd64~~6.1.1.0, ApplicableState: 0, CurrentState:0",28e57347,Read out cached package applicability for package: <*> ApplicableState: <*> <*>,"['Package_for_KB2601626~31bf3856ad364e35~amd64~~6.1.1.0,', '0, CurrentState:0']"
709,2016-09-28,04:30:45,Info,CBS,Session: 30546174_108683223 initialized by client WindowsUpdateAgent.,08fb5d73,Session: <*> initialized by client WindowsUpdateAgent.,['30546174_108683223']
710,2016-09-28,04:30:45,Info,CBS,"Read out cached package applicability for package: Package_for_KB2923545~31bf3856ad364e35~amd64~~6.1.1.1, ApplicableState: 112, CurrentState:112",28e57347,Read out cached package applicability for package: <*> ApplicableState: <*> <*>,"['Package_for_KB2923545~31bf3856ad364e35~amd64~~6.1.1.1,', '112, CurrentState:112']"
711,2016-09-28,04:30:45,Info,CBS,Session: 30546174_108903235 initialized by client WindowsUpdateAgent.,08fb5d73,Session: <*> initialized by client WindowsUpdateAgent.,['30546174_108903235']
712,2016-09-28,04:30:45,Info,CBS,"Read out cached package applicability for package: Package_for_KB2509553~31bf3856ad364e35~amd64~~6.1.1.2, ApplicableState: 112, CurrentState:112",28e57347,Read out cached package applicability for package: <*> ApplicableState: <*> <*>,"['Package_for_KB2509553~31bf3856ad364e35~amd64~~6.1.1.2,', '112, CurrentState:112']"
713,2016-09-28,04:30:45,Info,CBS,Session: 30546174_109123248 initialized by client WindowsUpdateAgent.,08fb5d73,Session: <*> initialized by client WindowsUpdateAgent.,['30546174_109123248']
714,2016-09-28,04:30:45,Info,CBS,"Read out cached package applicability for package: Package_for_KB2758857~31bf3856ad364e35~amd64~~6.1.1.0, ApplicableState: 80, CurrentState:112",28e57347,Read out cached package applicability for package: <*> ApplicableState: <*> <*>,"['Package_for_KB2758857~31bf3856ad364e35~amd64~~6.1.1.0,', '80, CurrentState:112']"
715,2016-09-28,04:30:45,Info,CBS,Session: 30546174_110243312 initialized by client WindowsUpdateAgent.,08fb5d73,Session: <*> initialized by client WindowsUpdateAgent.,['30546174_110243312']
716,2016-09-28,04:30:45,Info,CBS,"Read out cached package applicability for package: Package_for_KB2846960~31bf3856ad364e35~amd64~~6.1.1.3, ApplicableState: 80, CurrentState:112",28e57347,Read out cached package applicability for package: <*> ApplicableState: <*> <*>,"['Package_for_KB2846960~31bf3856ad364e35~amd64~~6.1.1.3,', '80, CurrentState:112']"
717,2016-09-28,04:30:45,Info,CBS,Session: 30546174_110453324 initialized by client WindowsUpdateAgent.,08fb5d73,Session: <*> initialized by client WindowsUpdateAgent.,['30546174_110453324']
718,2016-09-28,04:30:45,Info,CBS,"Read out cached package applicability for package: Package_for_KB2770660~31bf3856ad364e35~amd64~~6.1.1.0, ApplicableState: 112, CurrentState:112",28e57347,Read out cached package applicability for package: <*> ApplicableState: <*> <*>,"['Package_for_KB2770660~31bf3856ad364e35~amd64~~6.1.1.0,', '112, CurrentState:112']"
719,2016-09-28,04:30:47,Info,CBS,Session: 30546174_130874492 initialized by client WindowsUpdateAgent.,08fb5d73,Session: <*> initialized by client WindowsUpdateAgent.,['30546174_130874492']
720,2016-09-28,04:30:47,Info,CBS,"Read out cached package applicability for package: Package_for_KB3123479~31bf3856ad364e35~amd64~~6.1.1.0, ApplicableState: 112, CurrentState:112",28e57347,Read out cached package applicability for package: <*> ApplicableState: <*> <*>,"['Package_for_KB3123479~31bf3856ad364e35~amd64~~6.1.1.0,', '112, CurrentState:112']"
721,2016-09-28,04:30:47,Info,CBS,Session: 30546174_131324518 initialized by client WindowsUpdateAgent.,08fb5d73,Session: <*> initialized by client WindowsUpdateAgent.,['30546174_131324518']
722,2016-09-28,04:30:48,Info,CBS,"Read out cached package applicability for package: Package_for_KB3072630~31bf3856ad364e35~amd64~~6.1.1.0, ApplicableState: 80, CurrentState:112",28e57347,Read out cached package applicability for package: <*> ApplicableState: <*> <*>,"['Package_for_KB3072630~31bf3856ad364e35~amd64~~6.1.1.0,', '80, CurrentState:112']"
723,2016-09-28,04:30:48,Info,CBS,Session: 30546174_132374578 initialized by client WindowsUpdateAgent.,08fb5d73,Session: <*> initialized by client WindowsUpdateAgent.,['30546174_132374578']
724,2016-09-28,04:30:48,Info,CBS,"Read out cached package applicability for package: Package_for_KB3179573~31bf3856ad364e35~amd64~~6.1.1.0, ApplicableState: 112, CurrentState:112",28e57347,Read out cached package applicability for package: <*> ApplicableState: <*> <*>,"['Package_for_KB3179573~31bf3856ad364e35~amd64~~6.1.1.0,', '112, CurrentState:112']"
725,2016-09-28,04:30:48,Info,CBS,Session: 30546174_132424581 initialized by client WindowsUpdateAgent.,08fb5d73,Session: <*> initialized by client WindowsUpdateAgent.,['30546174_132424581']
726,2016-09-28,04:30:48,Info,CBS,"Read out cached package applicability for package: Microsoft-Hyper-V-Integration-Services-Package~31bf3856ad364e35~amd64~~6.3.9600.17903, ApplicableState: 112, CurrentState:0",28e57347,Read out cached package applicability for package: <*> ApplicableState: <*> <*>,"['Microsoft-Hyper-V-Integration-Services-Package~31bf3856ad364e35~amd64~~6.3.9600.17903,', '112, CurrentState:0']"
727,2016-09-28,04:30:48,Info,CBS,Session: 30546174_132514586 initialized by client WindowsUpdateAgent.,08fb5d73,Session: <*> initialized by client WindowsUpdateAgent.,['30546174_132514586']
728,2016-09-28,04:30:48,Info,CBS,"Read out cached package applicability for package: Package_for_KB2952664~31bf3856ad364e35~amd64~~6.1.19.0, ApplicableState: 112, CurrentState:112",28e57347,Read out cached package applicability for package: <*> ApplicableState: <*> <*>,"['Package_for_KB2952664~31bf3856ad364e35~amd64~~6.1.19.0,', '112, CurrentState:112']"
729,2016-09-28,04:30:48,Info,CBS,Session: 30546174_132544588 initialized by client WindowsUpdateAgent.,08fb5d73,Session: <*> initialized by client WindowsUpdateAgent.,['30546174_132544588']
730,2016-09-28,04:30:48,Info,CBS,"Read out cached package applicability for package: Package_for_KB3149090~31bf3856ad364e35~amd64~~6.1.1.1, ApplicableState: 112, CurrentState:112",28e57347,Read out cached package applicability for package: <*> ApplicableState: <*> <*>,"['Package_for_KB3149090~31bf3856ad364e35~amd64~~6.1.1.1,', '112, CurrentState:112']"
731,2016-09-28,04:30:48,Info,CBS,Session: 30546174_132944611 initialized by client WindowsUpdateAgent.,08fb5d73,Session: <*> initialized by client WindowsUpdateAgent.,['30546174_132944611']
732,2016-09-28,04:30:48,Info,CBS,"Read out cached package applicability for package: Package_for_KB3178034~31bf3856ad364e35~amd64~~6.1.1.1, ApplicableState: 112, CurrentState:112",28e57347,Read out cached package applicability for package: <*> ApplicableState: <*> <*>,"['Package_for_KB3178034~31bf3856ad364e35~amd64~~6.1.1.1,', '112, CurrentState:112']"
733,2016-09-28,04:30:48,Info,CBS,Session: 30546174_132984613 initialized by client WindowsUpdateAgent.,08fb5d73,Session: <*> initialized by client WindowsUpdateAgent.,['30546174_132984613']
734,2016-09-28,04:30:48,Info,CBS,"Read out cached package applicability for package: Package_for_KB3097989~31bf3856ad364e35~amd64~~6.1.1.1, ApplicableState: 112, CurrentState:112",28e57347,Read out cached package applicability for package: <*> ApplicableState: <*> <*>,"['Package_for_KB3097989~31bf3856ad364e35~amd64~~6.1.1.1,', '112, CurrentState:112']"
735,2016-09-28,04:30:48,Info,CBS,Session: 30546174_133134621 initialized by client WindowsUpdateAgent.,08fb5d73,Session: <*> initialized by client WindowsUpdateAgent.,['30546174_133134621']
736,2016-09-28,04:30:48,Info,CBS,"Read out cached package applicability for package: Package_for_KB2853587~31bf3856ad364e35~amd64~~6.1.1.2, ApplicableState: 0, CurrentState:0",28e57347,Read out cached package applicability for package: <*> ApplicableState: <*> <*>,"['Package_for_KB2853587~31bf3856ad364e35~amd64~~6.1.1.2,', '0, CurrentState:0']"
737,2016-09-28,04:30:48,Info,CBS,Session: 30546174_137784887 initialized by client WindowsUpdateAgent.,08fb5d73,Session: <*> initialized by client WindowsUpdateAgent.,['30546174_137784887']
738,2016-09-28,04:30:48,Info,CBS,"Read out cached package applicability for package: Package_for_KB2732059~31bf3856ad364e35~amd64~~6.1.5.1, ApplicableState: 112, CurrentState:112",28e57347,Read out cached package applicability for package: <*> ApplicableState: <*> <*>,"['Package_for_KB2732059~31bf3856ad364e35~amd64~~6.1.5.1,', '112, CurrentState:112']"
739,2016-09-28,04:30:48,Info,CBS,Session: 30546174_138284916 initialized by client WindowsUpdateAgent.,08fb5d73,Session: <*> initialized by client WindowsUpdateAgent.,['30546174_138284916']
740,2016-09-28,04:30:48,Info,CBS,"Read out cached package applicability for package: Package_for_KB3164033~31bf3856ad364e35~amd64~~6.1.1.0, ApplicableState: 112, CurrentState:112",28e57347,Read out cached package applicability for package: <*> ApplicableState: <*> <*>,"['Package_for_KB3164033~31bf3856ad364e35~amd64~~6.1.1.0,', '112, CurrentState:112']"
741,2016-09-28,04:30:48,Info,CBS,Session: 30546174_138824947 initialized by client WindowsUpdateAgent.,08fb5d73,Session: <*> initialized by client WindowsUpdateAgent.,['30546174_138824947']
742,2016-09-28,04:30:49,Info,CBS,"Read out cached package applicability for package: Package_for_KB3080149~31bf3856ad364e35~amd64~~6.1.1.1, ApplicableState: 112, CurrentState:112",28e57347,Read out cached package applicability for package: <*> ApplicableState: <*> <*>,"['Package_for_KB3080149~31bf3856ad364e35~amd64~~6.1.1.1,', '112, CurrentState:112']"
743,2016-09-28,04:30:49,Info,CBS,Session: 30546174_143845234 initialized by client WindowsUpdateAgent.,08fb5d73,Session: <*> initialized by client WindowsUpdateAgent.,['30546174_143845234']
744,2016-09-28,04:30:49,Info,CBS,"Read out cached package applicability for package: Package_for_KB3046017~31bf3856ad364e35~amd64~~6.1.1.1, ApplicableState: 112, CurrentState:112",28e57347,Read out cached package applicability for package: <*> ApplicableState: <*> <*>,"['Package_for_KB3046017~31bf3856ad364e35~amd64~~6.1.1.1,', '112, CurrentState:112']"
745,2016-09-28,04:30:49,Info,CBS,Session: 30546174_143875236 initialized by client WindowsUpdateAgent.,08fb5d73,Session: <*> initialized by client WindowsUpdateAgent.,['30546174_143875236']
746,2016-09-28,04:30:49,Info,CBS,"Read out cached package applicability for package: Package_for_KB3067904~31bf3856ad364e35~amd64~~6.1.1.2, ApplicableState: 80, CurrentState:0",28e57347,Read out cached package applicability for package: <*> ApplicableState: <*> <*>,"['Package_for_KB3067904~31bf3856ad364e35~amd64~~6.1.1.2,', '80, CurrentState:0']"
747,2016-09-28,04:30:49,Info,CBS,Session: 30546174_143895237 initialized by client WindowsUpdateAgent.,08fb5d73,Session: <*> initialized by client WindowsUpdateAgent.,['30546174_143895237']
748,2016-09-28,04:30:49,Info,CBS,"Read out cached package applicability for package: Package_for_KB2912390~31bf3856ad364e35~amd64~~6.1.1.2, ApplicableState: 112, CurrentState:112",28e57347,Read out cached package applicability for package: <*> ApplicableState: <*> <*>,"['Package_for_KB2912390~31bf3856ad364e35~amd64~~6.1.1.2,', '112, CurrentState:112']"
749,2016-09-28,04:30:49,Info,CBS,Session: 30546174_144035245 initialized by client WindowsUpdateAgent.,08fb5d73,Session: <*> initialized by client WindowsUpdateAgent.,['30546174_144035245']
750,2016-09-28,04:30:49,Info,CBS,"Read out cached package applicability for package: Package_for_KB2632503~31bf3856ad364e35~amd64~~6.1.1.0, ApplicableState: 80, CurrentState:0",28e57347,Read out cached package applicability for package: <*> ApplicableState: <*> <*>,"['Package_for_KB2632503~31bf3856ad364e35~amd64~~6.1.1.0,', '80, CurrentState:0']"
751,2016-09-28,04:30:49,Info,CBS,Session: 30546174_144085248 initialized by client WindowsUpdateAgent.,08fb5d73,Session: <*> initialized by client WindowsUpdateAgent.,['30546174_144085248']
752,2016-09-28,04:30:49,Info,CBS,"Read out cached package applicability for package: Package_for_KB2991963~31bf3856ad364e35~amd64~~6.1.1.0, ApplicableState: 112, CurrentState:112",28e57347,Read out cached package applicability for package: <*> ApplicableState: <*> <*>,"['Package_for_KB2991963~31bf3856ad364e35~amd64~~6.1.1.0,', '112, CurrentState:112']"
753,2016-09-28,04:30:49,Info,CBS,Session: 30546174_144115249 initialized by client WindowsUpdateAgent.,08fb5d73,Session: <*> initialized by client WindowsUpdateAgent.,['30546174_144115249']
754,2016-09-28,04:30:49,Info,CBS,"Read out cached package applicability for package: Package_for_KB2911501~31bf3856ad364e35~amd64~~6.1.1.2, ApplicableState: 112, CurrentState:112",28e57347,Read out cached package applicability for package: <*> ApplicableState: <*> <*>,"['Package_for_KB2911501~31bf3856ad364e35~amd64~~6.1.1.2,', '112, CurrentState:112']"
755,2016-09-28,04:30:49,Info,CBS,Session: 30546174_144435268 initialized by client WindowsUpdateAgent.,08fb5d73,Session: <*> initialized by client WindowsUpdateAgent.,['30546174_144435268']
756,2016-09-28,04:30:49,Info,CBS,"Read out cached package applicability for package: Package_for_KB2984972~31bf3856ad364e35~amd64~~6.1.1.4, ApplicableState: 112, CurrentState:112",28e57347,Read out cached package applicability for package: <*> ApplicableState: <*> <*>,"['Package_for_KB2984972~31bf3856ad364e35~amd64~~6.1.1.4,', '112, CurrentState:112']"
757,2016-09-28,04:30:49,Info,CBS,Session: 30546174_147195426 initialized by client WindowsUpdateAgent.,08fb5d73,Session: <*> initialized by client WindowsUpdateAgent.,['30546174_147195426']
758,2016-09-28,04:30:49,Info,CBS,"Read out cached package applicability for package: Package_for_KB3121461~31bf3856ad364e35~amd64~~6.1.1.2, ApplicableState: 80, CurrentState:112",28e57347,Read out cached package applicability for package: <*> ApplicableState: <*> <*>,"['Package_for_KB3121461~31bf3856ad364e35~amd64~~6.1.1.2,', '80, CurrentState:112']"
759,2016-09-28,04:30:49,Info,CBS,Session: 30546174_147205426 initialized by client WindowsUpdateAgent.,08fb5d73,Session: <*> initialized by client WindowsUpdateAgent.,['30546174_147205426']
760,2016-09-28,04:30:49,Info,CBS,"Read out cached package applicability for package: Package_for_KB3161958~31bf3856ad364e35~amd64~~6.1.1.1, ApplicableState: 112, CurrentState:112",28e57347,Read out cached package applicability for package: <*> ApplicableState: <*> <*>,"['Package_for_KB3161958~31bf3856ad364e35~amd64~~6.1.1.1,', '112, CurrentState:112']"
761,2016-09-28,04:30:49,Info,CBS,Session: 30546174_147585448 initialized by client WindowsUpdateAgent.,08fb5d73,Session: <*> initialized by client WindowsUpdateAgent.,['30546174_147585448']
762,2016-09-28,04:30:49,Info,CBS,"Read out cached package applicability for package: Package_for_KB2888049~31bf3856ad364e35~amd64~~6.1.1.1, ApplicableState: 80, CurrentState:112",28e57347,Read out cached package applicability for package: <*> ApplicableState: <*> <*>,"['Package_for_KB2888049~31bf3856ad364e35~amd64~~6.1.1.1,', '80, CurrentState:112']"
763,2016-09-28,04:30:49,Info,CBS,Session: 30546174_147765458 initialized by client WindowsUpdateAgent.,08fb5d73,Session: <*> initialized by client WindowsUpdateAgent.,['30546174_147765458']
764,2016-09-28,04:30:49,Info,CBS,"Read out cached package applicability for package: Package_for_KB2773072~31bf3856ad364e35~amd64~~6.1.1.5, ApplicableState: 112, CurrentState:112",28e57347,Read out cached package applicability for package: <*> ApplicableState: <*> <*>,"['Package_for_KB2773072~31bf3856ad364e35~amd64~~6.1.1.5,', '112, CurrentState:112']"
765,2016-09-28,04:30:49,Info,CBS,Session: 30546174_149225542 initialized by client WindowsUpdateAgent.,08fb5d73,Session: <*> initialized by client WindowsUpdateAgent.,['30546174_149225542']
766,2016-09-28,04:30:49,Info,CBS,"Read out cached package applicability for package: Package_for_KB2579686~31bf3856ad364e35~amd64~~6.1.1.1, ApplicableState: 112, CurrentState:112",28e57347,Read out cached package applicability for package: <*> ApplicableState: <*> <*>,"['Package_for_KB2579686~31bf3856ad364e35~amd64~~6.1.1.1,', '112, CurrentState:112']"
767,2016-09-28,04:30:49,Info,CBS,Session: 30546174_149265544 initialized by client WindowsUpdateAgent.,08fb5d73,Session: <*> initialized by client WindowsUpdateAgent.,['30546174_149265544']
768,2016-09-28,04:30:49,Info,CBS,"Read out cached package applicability for package: Package_for_KB3075222~31bf3856ad364e35~amd64~~6.1.1.1, ApplicableState: 80, CurrentState:0",28e57347,Read out cached package applicability for package: <*> ApplicableState: <*> <*>,"['Package_for_KB3075222~31bf3856ad364e35~amd64~~6.1.1.1,', '80, CurrentState:0']"
769,2016-09-28,04:30:49,Info,CBS,Session: 30546174_149285545 initialized by client WindowsUpdateAgent.,08fb5d73,Session: <*> initialized by client WindowsUpdateAgent.,['30546174_149285545']
770,2016-09-28,04:30:49,Info,CBS,"Read out cached package applicability for package: Microsoft-Windows-Embedded-EmbeddedLockdown-Package-TopLevel~31bf3856ad364e35~amd64~~7.1.7601.16511, ApplicableState: 112, CurrentState:0",28e57347,Read out cached package applicability for package: <*> ApplicableState: <*> <*>,"['Microsoft-Windows-Embedded-EmbeddedLockdown-Package-TopLevel~31bf3856ad364e35~amd64~~7.1.7601.16511,', '112, CurrentState:0']"
771,2016-09-28,04:30:49,Info,CBS,Session: 30546174_149295546 initialized by client WindowsUpdateAgent.,08fb5d73,Session: <*> initialized by client WindowsUpdateAgent.,['30546174_149295546']
772,2016-09-28,04:30:49,Info,CBS,"Read out cached package applicability for package: Package_for_KB2544893~31bf3856ad364e35~amd64~~6.1.1.1, ApplicableState: 80, CurrentState:112",28e57347,Read out cached package applicability for package: <*> ApplicableState: <*> <*>,"['Package_for_KB2544893~31bf3856ad364e35~amd64~~6.1.1.1,', '80, CurrentState:112']"
773,2016-09-28,04:30:49,Info,CBS,Session: 30546174_149325547 initialized by client WindowsUpdateAgent.,08fb5d73,Session: <*> initialized by client WindowsUpdateAgent.,['30546174_149325547']
774,2016-09-28,04:30:49,Info,CBS,"Read out cached package applicability for package: Package_for_KB2685939~31bf3856ad364e35~amd64~~6.1.1.2, ApplicableState: 80, CurrentState:112",28e57347,Read out cached package applicability for package: <*> ApplicableState: <*> <*>,"['Package_for_KB2685939~31bf3856ad364e35~amd64~~6.1.1.2,', '80, CurrentState:112']"
775,2016-09-28,04:30:49,Info,CBS,Session: 30546174_149405552 initialized by client WindowsUpdateAgent.,08fb5d73,Session: <*> initialized by client WindowsUpdateAgent.,['30546174_149405552']
776,2016-09-28,04:30:49,Info,CBS,"Read out cached package applicability for package: Package_for_KB2729452~31bf3856ad364e35~amd64~~6.1.1.0, ApplicableState: 80, CurrentState:112",28e57347,Read out cached package applicability for package: <*> ApplicableState: <*> <*>,"['Package_for_KB2729452~31bf3856ad364e35~amd64~~6.1.1.0,', '80, CurrentState:112']"
777,2016-09-28,04:30:50,Info,CBS,Session: 30546174_154395837 initialized by client WindowsUpdateAgent.,08fb5d73,Session: <*> initialized by client WindowsUpdateAgent.,['30546174_154395837']
778,2016-09-28,04:30:50,Info,CBS,"Read out cached package applicability for package: Package_for_KB3020388~31bf3856ad364e35~amd64~~6.1.1.1, ApplicableState: 112, CurrentState:112",28e57347,Read out cached package applicability for package: <*> ApplicableState: <*> <*>,"['Package_for_KB3020388~31bf3856ad364e35~amd64~~6.1.1.1,', '112, CurrentState:112']"
779,2016-09-28,04:30:50,Info,CBS,Session: 30546174_154615850 initialized by client WindowsUpdateAgent.,08fb5d73,Session: <*> initialized by client WindowsUpdateAgent.,['30546174_154615850']
780,2016-09-28,04:30:50,Info,CBS,"Read out cached package applicability for package: Package_for_KB2742599~31bf3856ad364e35~amd64~~6.1.1.0, ApplicableState: 112, CurrentState:112",28e57347,Read out cached package applicability for package: <*> ApplicableState: <*> <*>,"['Package_for_KB2742599~31bf3856ad364e35~amd64~~6.1.1.0,', '112, CurrentState:112']"
781,2016-09-28,04:30:50,Info,CBS,Session: 30546174_155085877 initialized by client WindowsUpdateAgent.,08fb5d73,Session: <*> initialized by client WindowsUpdateAgent.,['30546174_155085877']
782,2016-09-28,04:30:50,Info,CBS,"Read out cached package applicability for package: Package_for_KB3181988~31bf3856ad364e35~amd64~~6.1.1.1, ApplicableState: 112, CurrentState:112",28e57347,Read out cached package applicability for package: <*> ApplicableState: <*> <*>,"['Package_for_KB3181988~31bf3856ad364e35~amd64~~6.1.1.1,', '112, CurrentState:112']"
783,2016-09-28,04:30:50,Info,CBS,Session: 30546174_155245886 initialized by client WindowsUpdateAgent.,08fb5d73,Session: <*> initialized by client WindowsUpdateAgent.,['30546174_155245886']
784,2016-09-28,04:30:50,Info,CBS,"Read out cached package applicability for package: Package_for_KB2685813~31bf3856ad364e35~amd64~~6.1.1.11, ApplicableState: 112, CurrentState:112",28e57347,Read out cached package applicability for package: <*> ApplicableState: <*> <*>,"['Package_for_KB2685813~31bf3856ad364e35~amd64~~6.1.1.11,', '112, CurrentState:112']"
785,2016-09-28,04:30:50,Info,CBS,Session: 30546174_155605907 initialized by client WindowsUpdateAgent.,08fb5d73,Session: <*> initialized by client WindowsUpdateAgent.,['30546174_155605907']
786,2016-09-28,04:30:50,Info,CBS,"Read out cached package applicability for package: Package_for_KB2690533~31bf3856ad364e35~amd64~~6.1.1.0, ApplicableState: 112, CurrentState:112",28e57347,Read out cached package applicability for package: <*> ApplicableState: <*> <*>,"['Package_for_KB2690533~31bf3856ad364e35~amd64~~6.1.1.0,', '112, CurrentState:112']"
787,2016-09-28,04:30:50,Info,CBS,Session: 30546174_155755915 initialized by client WindowsUpdateAgent.,08fb5d73,Session: <*> initialized by client WindowsUpdateAgent.,['30546174_155755915']
788,2016-09-28,04:30:50,Info,CBS,"Read out cached package applicability for package: Package_for_KB3075249~31bf3856ad364e35~amd64~~6.1.1.0, ApplicableState: 80, CurrentState:112",28e57347,Read out cached package applicability for package: <*> ApplicableState: <*> <*>,"['Package_for_KB3075249~31bf3856ad364e35~amd64~~6.1.1.0,', '80, CurrentState:112']"
789,2016-09-28,04:30:50,Info,CBS,Session: 30546174_156625965 initialized by client WindowsUpdateAgent.,08fb5d73,Session: <*> initialized by client WindowsUpdateAgent.,['30546174_156625965']
790,2016-09-28,04:30:50,Info,CBS,"Read out cached package applicability for package: Package_for_KB3156016~31bf3856ad364e35~amd64~~6.1.1.1, ApplicableState: 112, CurrentState:112",28e57347,Read out cached package applicability for package: <*> ApplicableState: <*> <*>,"['Package_for_KB3156016~31bf3856ad364e35~amd64~~6.1.1.1,', '112, CurrentState:112']"
791,2016-09-28,04:30:50,Info,CBS,Session: 30546174_156695969 initialized by client WindowsUpdateAgent.,08fb5d73,Session: <*> initialized by client WindowsUpdateAgent.,['30546174_156695969']
792,2016-09-28,04:30:50,Info,CBS,"Read out cached package applicability for package: Package_for_KB3139914~31bf3856ad364e35~amd64~~6.1.1.0, ApplicableState: 112, CurrentState:112",28e57347,Read out cached package applicability for package: <*> ApplicableState: <*> <*>,"['Package_for_KB3139914~31bf3856ad364e35~amd64~~6.1.1.0,', '112, CurrentState:112']"
793,2016-09-28,04:30:50,Info,CBS,Session: 30546174_156715970 initialized by client WindowsUpdateAgent.,08fb5d73,Session: <*> initialized by client WindowsUpdateAgent.,['30546174_156715970']
794,2016-09-28,04:30:50,Info,CBS,"Read out cached package applicability for package: Package_for_KB2621440~31bf3856ad364e35~amd64~~6.1.1.5, ApplicableState: 112, CurrentState:112",28e57347,Read out cached package applicability for package: <*> ApplicableState: <*> <*>,"['Package_for_KB2621440~31bf3856ad364e35~amd64~~6.1.1.5,', '112, CurrentState:112']"
795,2016-09-28,04:30:50,Info,CBS,Session: 30546174_156785974 initialized by client WindowsUpdateAgent.,08fb5d73,Session: <*> initialized by client WindowsUpdateAgent.,['30546174_156785974']
796,2016-09-28,04:30:50,Info,CBS,"Read out cached package applicability for package: Package_for_KB3054476~31bf3856ad364e35~amd64~~6.1.1.0, ApplicableState: 112, CurrentState:112",28e57347,Read out cached package applicability for package: <*> ApplicableState: <*> <*>,"['Package_for_KB3054476~31bf3856ad364e35~amd64~~6.1.1.0,', '112, CurrentState:112']"
797,2016-09-28,04:30:50,Info,CBS,Session: 30546174_156825976 initialized by client WindowsUpdateAgent.,08fb5d73,Session: <*> initialized by client WindowsUpdateAgent.,['30546174_156825976']
798,2016-09-28,04:30:50,Info,CBS,"Read out cached package applicability for package: Package_for_KB3122648~31bf3856ad364e35~amd64~~6.1.1.0, ApplicableState: 112, CurrentState:112",28e57347,Read out cached package applicability for package: <*> ApplicableState: <*> <*>,"['Package_for_KB3122648~31bf3856ad364e35~amd64~~6.1.1.0,', '112, CurrentState:112']"
799,2016-09-28,04:30:50,Info,CBS,Session: 30546174_157005987 initialized by client WindowsUpdateAgent.,08fb5d73,Session: <*> initialized by client WindowsUpdateAgent.,['30546174_157005987']
800,2016-09-28,04:30:50,Info,CBS,"Read out cached package applicability for package: Package_for_KB3042553~31bf3856ad364e35~amd64~~6.1.1.1, ApplicableState: 112, CurrentState:112",28e57347,Read out cached package applicability for package: <*> ApplicableState: <*> <*>,"['Package_for_KB3042553~31bf3856ad364e35~amd64~~6.1.1.1,', '112, CurrentState:112']"
801,2016-09-28,04:30:50,Info,CBS,Session: 30546174_157105992 initialized by client WindowsUpdateAgent.,08fb5d73,Session: <*> initialized by client WindowsUpdateAgent.,['30546174_157105992']
802,2016-09-28,04:30:50,Info,CBS,"Read out cached package applicability for package: Package_for_KB2732487~31bf3856ad364e35~amd64~~6.1.2.0, ApplicableState: 112, CurrentState:112",28e57347,Read out cached package applicability for package: <*> ApplicableState: <*> <*>,"['Package_for_KB2732487~31bf3856ad364e35~amd64~~6.1.2.0,', '112, CurrentState:112']"
803,2016-09-28,04:30:50,Info,CBS,Session: 30546174_157135994 initialized by client WindowsUpdateAgent.,08fb5d73,Session: <*> initialized by client WindowsUpdateAgent.,['30546174_157135994']
804,2016-09-28,04:30:50,Info,CBS,"Read out cached package applicability for package: Package_for_KB3005607~31bf3856ad364e35~amd64~~6.1.1.0, ApplicableState: 80, CurrentState:112",28e57347,Read out cached package applicability for package: <*> ApplicableState: <*> <*>,"['Package_for_KB3005607~31bf3856ad364e35~amd64~~6.1.1.0,', '80, CurrentState:112']"
805,2016-09-28,04:30:50,Info,CBS,Session: 30546174_157145995 initialized by client WindowsUpdateAgent.,08fb5d73,Session: <*> initialized by client WindowsUpdateAgent.,['30546174_157145995']
806,2016-09-28,04:30:50,Info,CBS,Session: 30546174_157205998 initialized by client WindowsUpdateAgent.,08fb5d73,Session: <*> initialized by client WindowsUpdateAgent.,['30546174_157205998']
807,2016-09-28,04:30:50,Info,CBS,"Read out cached package applicability for package: Package_for_KB3184143~31bf3856ad364e35~amd64~~6.1.1.4, ApplicableState: 112, CurrentState:112",28e57347,Read out cached package applicability for package: <*> ApplicableState: <*> <*>,"['Package_for_KB3184143~31bf3856ad364e35~amd64~~6.1.1.4,', '112, CurrentState:112']"
808,2016-09-28,04:30:50,Info,CBS,Session: 30546174_157616022 initialized by client WindowsUpdateAgent.,08fb5d73,Session: <*> initialized by client WindowsUpdateAgent.,['30546174_157616022']
809,2016-09-28,04:30:50,Info,CBS,"Read out cached package applicability for package: Package_for_KB2992611~31bf3856ad364e35~amd64~~6.1.1.0, ApplicableState: 112, CurrentState:112",28e57347,Read out cached package applicability for package: <*> ApplicableState: <*> <*>,"['Package_for_KB2992611~31bf3856ad364e35~amd64~~6.1.1.0,', '112, CurrentState:112']"
810,2016-09-28,04:30:50,Info,CBS,Session: 30546174_159636137 initialized by client WindowsUpdateAgent.,08fb5d73,Session: <*> initialized by client WindowsUpdateAgent.,['30546174_159636137']
811,2016-09-28,04:30:50,Info,CBS,"Read out cached package applicability for package: Package_for_KB2727528~31bf3856ad364e35~amd64~~6.1.1.1, ApplicableState: 112, CurrentState:112",28e57347,Read out cached package applicability for package: <*> ApplicableState: <*> <*>,"['Package_for_KB2727528~31bf3856ad364e35~amd64~~6.1.1.1,', '112, CurrentState:112']"
812,2016-09-28,04:30:50,Info,CBS,Session: 30546174_159666139 initialized by client WindowsUpdateAgent.,08fb5d73,Session: <*> initialized by client WindowsUpdateAgent.,['30546174_159666139']
813,2016-09-28,04:30:50,Info,CBS,"Read out cached package applicability for package: Package_for_KB2506014~31bf3856ad364e35~amd64~~6.1.1.0, ApplicableState: 112, CurrentState:112",28e57347,Read out cached package applicability for package: <*> ApplicableState: <*> <*>,"['Package_for_KB2506014~31bf3856ad364e35~amd64~~6.1.1.0,', '112, CurrentState:112']"
814,2016-09-28,04:30:51,Info,CBS,Session: 30546174_164936440 initialized by client WindowsUpdateAgent.,08fb5d73,Session: <*> initialized by client WindowsUpdateAgent.,['30546174_164936440']
815,2016-09-28,04:30:51,Info,CBS,"Read out cached package applicability for package: Package_for_KB2868116~31bf3856ad364e35~amd64~~6.1.1.1, ApplicableState: 112, CurrentState:112",28e57347,Read out cached package applicability for package: <*> ApplicableState: <*> <*>,"['Package_for_KB2868116~31bf3856ad364e35~amd64~~6.1.1.1,', '112, CurrentState:112']"
816,2016-09-28,04:30:51,Info,CBS,Session: 30546174_165556476 initialized by client WindowsUpdateAgent.,08fb5d73,Session: <*> initialized by client WindowsUpdateAgent.,['30546174_165556476']
817,2016-09-28,04:30:51,Info,CBS,"Read out cached package applicability for package: Package_for_KB2861698~31bf3856ad364e35~amd64~~6.1.1.0, ApplicableState: 112, CurrentState:112",28e57347,Read out cached package applicability for package: <*> ApplicableState: <*> <*>,"['Package_for_KB2861698~31bf3856ad364e35~amd64~~6.1.1.0,', '112, CurrentState:112']"
818,2016-09-28,04:30:51,Info,CBS,Session: 30546174_165596478 initialized by client WindowsUpdateAgent.,08fb5d73,Session: <*> initialized by client WindowsUpdateAgent.,['30546174_165596478']
819,2016-09-28,04:30:51,Info,CBS,"Read out cached package applicability for package: Package_for_KB3092627~31bf3856ad364e35~amd64~~6.1.1.0, ApplicableState: 112, CurrentState:112",28e57347,Read out cached package applicability for package: <*> ApplicableState: <*> <*>,"['Package_for_KB3092627~31bf3856ad364e35~amd64~~6.1.1.0,', '112, CurrentState:112']"
820,2016-09-28,04:30:51,Info,CBS,Session: 30546174_165696484 initialized by client WindowsUpdateAgent.,08fb5d73,Session: <*> initialized by client WindowsUpdateAgent.,['30546174_165696484']
821,2016-09-28,04:30:51,Info,CBS,"Read out cached package applicability for package: Package_for_KB2984976~31bf3856ad364e35~amd64~~6.1.1.3, ApplicableState: 80, CurrentState:112",28e57347,Read out cached package applicability for package: <*> ApplicableState: <*> <*>,"['Package_for_KB2984976~31bf3856ad364e35~amd64~~6.1.1.3,', '80, CurrentState:112']"
822,2016-09-28,04:30:51,Info,CBS,Session: 30546174_165966499 initialized by client WindowsUpdateAgent.,08fb5d73,Session: <*> initialized by client WindowsUpdateAgent.,['30546174_165966499']
823,2016-09-28,04:30:51,Info,CBS,"Read out cached package applicability for package: Package_for_KB3102429~31bf3856ad364e35~amd64~~6.1.2.0, ApplicableState: 112, CurrentState:112",28e57347,Read out cached package applicability for package: <*> ApplicableState: <*> <*>,"['Package_for_KB3102429~31bf3856ad364e35~amd64~~6.1.2.0,', '112, CurrentState:112']"
824,2016-09-28,04:30:51,Info,CBS,Session: 30546174_166396524 initialized by client WindowsUpdateAgent.,08fb5d73,Session: <*> initialized by client WindowsUpdateAgent.,['30546174_166396524']
825,2016-09-28,04:30:51,Info,CBS,"Read out cached package applicability for package: Package_for_KB3005788~31bf3856ad364e35~amd64~~6.1.1.0, ApplicableState: 80, CurrentState:0",28e57347,Read out cached package applicability for package: <*> ApplicableState: <*> <*>,"['Package_for_KB3005788~31bf3856ad364e35~amd64~~6.1.1.0,', '80, CurrentState:0']"
826,2016-09-28,04:30:51,Info,CBS,Session: 30546174_167286575 initialized by client WindowsUpdateAgent.,08fb5d73,Session: <*> initialized by client WindowsUpdateAgent.,['30546174_167286575']
827,2016-09-28,04:30:51,Info,CBS,"Read out cached package applicability for package: Package_for_KB3006121~31bf3856ad364e35~amd64~~6.1.1.0, ApplicableState: 112, CurrentState:112",28e57347,Read out cached package applicability for package: <*> ApplicableState: <*> <*>,"['Package_for_KB3006121~31bf3856ad364e35~amd64~~6.1.1.0,', '112, CurrentState:112']"
828,2016-09-28,04:30:51,Info,CBS,Session: 30546174_167476586 initialized by client WindowsUpdateAgent.,08fb5d73,Session: <*> initialized by client WindowsUpdateAgent.,['30546174_167476586']
829,2016-09-28,04:30:51,Info,CBS,"Read out cached package applicability for package: Package_for_KB2813430~31bf3856ad364e35~amd64~~6.1.1.4, ApplicableState: 112, CurrentState:112",28e57347,Read out cached package applicability for package: <*> ApplicableState: <*> <*>,"['Package_for_KB2813430~31bf3856ad364e35~amd64~~6.1.1.4,', '112, CurrentState:112']"
830,2016-09-28,04:30:51,Info,CBS,Session: 30546174_169016674 initialized by client WindowsUpdateAgent.,08fb5d73,Session: <*> initialized by client WindowsUpdateAgent.,['30546174_169016674']
831,2016-09-28,04:30:51,Info,CBS,"Read out cached package applicability for package: Package_for_KB3033889~31bf3856ad364e35~amd64~~6.1.1.0, ApplicableState: 112, CurrentState:112",28e57347,Read out cached package applicability for package: <*> ApplicableState: <*> <*>,"['Package_for_KB3033889~31bf3856ad364e35~amd64~~6.1.1.0,', '112, CurrentState:112']"
832,2016-09-28,04:30:51,Info,CBS,Session: 30546174_169066677 initialized by client WindowsUpdateAgent.,08fb5d73,Session: <*> initialized by client WindowsUpdateAgent.,['30546174_169066677']
833,2016-09-28,04:30:51,Info,CBS,"Read out cached package applicability for package: Package_for_KB3037574~31bf3856ad364e35~amd64~~6.1.1.0, ApplicableState: 112, CurrentState:112",28e57347,Read out cached package applicability for package: <*> ApplicableState: <*> <*>,"['Package_for_KB3037574~31bf3856ad364e35~amd64~~6.1.1.0,', '112, CurrentState:112']"
834,2016-09-28,04:30:51,Info,CBS,Session: 30546174_169296690 initialized by client WindowsUpdateAgent.,08fb5d73,Session: <*> initialized by client WindowsUpdateAgent.,['30546174_169296690']
835,2016-09-28,04:30:51,Info,CBS,"Read out cached package applicability for package: Package_for_KB2977292~31bf3856ad364e35~amd64~~6.1.1.0, ApplicableState: 112, CurrentState:112",28e57347,Read out cached package applicability for package: <*> ApplicableState: <*> <*>,"['Package_for_KB2977292~31bf3856ad364e35~amd64~~6.1.1.0,', '112, CurrentState:112']"
836,2016-09-28,04:30:51,Info,CBS,Session: 30546174_169316691 initialized by client WindowsUpdateAgent.,08fb5d73,Session: <*> initialized by client WindowsUpdateAgent.,['30546174_169316691']
837,2016-09-28,04:30:51,Info,CBS,"Read out cached package applicability for package: Package_for_KB3161949~31bf3856ad364e35~amd64~~6.1.1.0, ApplicableState: 112, CurrentState:112",28e57347,Read out cached package applicability for package: <*> ApplicableState: <*> <*>,"['Package_for_KB3161949~31bf3856ad364e35~amd64~~6.1.1.0,', '112, CurrentState:112']"
838,2016-09-28,04:30:51,Info,CBS,Session: 30546174_169366694 initialized by client WindowsUpdateAgent.,08fb5d73,Session: <*> initialized by client WindowsUpdateAgent.,['30546174_169366694']
839,2016-09-28,04:30:51,Info,CBS,"Read out cached package applicability for package: Package_for_KB3006625~31bf3856ad364e35~amd64~~6.1.1.0, ApplicableState: 80, CurrentState:112",28e57347,Read out cached package applicability for package: <*> ApplicableState: <*> <*>,"['Package_for_KB3006625~31bf3856ad364e35~amd64~~6.1.1.0,', '80, CurrentState:112']"
840,2016-09-28,04:30:51,Info,CBS,Session: 30546174_169406696 initialized by client WindowsUpdateAgent.,08fb5d73,Session: <*> initialized by client WindowsUpdateAgent.,['30546174_169406696']
841,2016-09-28,04:30:51,Info,CBS,"Read out cached package applicability for package: Package_for_KB3159398~31bf3856ad364e35~amd64~~6.1.1.1, ApplicableState: 112, CurrentState:112",28e57347,Read out cached package applicability for package: <*> ApplicableState: <*> <*>,"['Package_for_KB3159398~31bf3856ad364e35~amd64~~6.1.1.1,', '112, CurrentState:112']"
842,2016-09-28,04:30:51,Info,CBS,Session: 30546174_169616708 initialized by client WindowsUpdateAgent.,08fb5d73,Session: <*> initialized by client WindowsUpdateAgent.,['30546174_169616708']
843,2016-09-28,04:30:51,Info,CBS,"Read out cached package applicability for package: Package_for_KB3035017~31bf3856ad364e35~amd64~~6.1.1.0, ApplicableState: 80, CurrentState:0",28e57347,Read out cached package applicability for package: <*> ApplicableState: <*> <*>,"['Package_for_KB3035017~31bf3856ad364e35~amd64~~6.1.1.0,', '80, CurrentState:0']"
844,2016-09-28,04:30:51,Info,CBS,Session: 30546174_169636709 initialized by client WindowsUpdateAgent.,08fb5d73,Session: <*> initialized by client WindowsUpdateAgent.,['30546174_169636709']
845,2016-09-28,04:30:51,Info,CBS,"Read out cached package applicability for package: Package_for_KB2993651~31bf3856ad364e35~amd64~~6.1.1.3, ApplicableState: 80, CurrentState:112",28e57347,Read out cached package applicability for package: <*> ApplicableState: <*> <*>,"['Package_for_KB2993651~31bf3856ad364e35~amd64~~6.1.1.3,', '80, CurrentState:112']"
846,2016-09-28,04:30:51,Info,CBS,Session: 30546174_169666711 initialized by client WindowsUpdateAgent.,08fb5d73,Session: <*> initialized by client WindowsUpdateAgent.,['30546174_169666711']
847,2016-09-28,04:30:51,Info,CBS,"Read out cached package applicability for package: Package_for_KB3184122~31bf3856ad364e35~amd64~~6.1.1.0, ApplicableState: 112, CurrentState:112",28e57347,Read out cached package applicability for package: <*> ApplicableState: <*> <*>,"['Package_for_KB3184122~31bf3856ad364e35~amd64~~6.1.1.0,', '112, CurrentState:112']"
848,2016-09-28,04:30:51,Info,CBS,Session: 30546174_169696713 initialized by client WindowsUpdateAgent.,08fb5d73,Session: <*> initialized by client WindowsUpdateAgent.,['30546174_169696713']
849,2016-09-28,04:30:51,Info,CBS,"Read out cached package applicability for package: Package_for_KB2786081~31bf3856ad364e35~amd64~~6.1.1.0, ApplicableState: 112, CurrentState:112",28e57347,Read out cached package applicability for package: <*> ApplicableState: <*> <*>,"['Package_for_KB2786081~31bf3856ad364e35~amd64~~6.1.1.0,', '112, CurrentState:112']"
850,2016-09-28,04:30:51,Info,CBS,Session: 30546174_169726714 initialized by client WindowsUpdateAgent.,08fb5d73,Session: <*> initialized by client WindowsUpdateAgent.,['30546174_169726714']
851,2016-09-28,04:30:51,Info,CBS,"Read out cached package applicability for package: Package_for_KB2761217~31bf3856ad364e35~amd64~~6.1.1.0, ApplicableState: 112, CurrentState:112",28e57347,Read out cached package applicability for package: <*> ApplicableState: <*> <*>,"['Package_for_KB2761217~31bf3856ad364e35~amd64~~6.1.1.0,', '112, CurrentState:112']"
852,2016-09-28,04:30:51,Info,CBS,Session: 30546174_169836721 initialized by client WindowsUpdateAgent.,08fb5d73,Session: <*> initialized by client WindowsUpdateAgent.,['30546174_169836721']
853,2016-09-28,04:30:51,Info,CBS,"Read out cached package applicability for package: Package_for_KB3142024~31bf3856ad364e35~amd64~~6.1.1.1, ApplicableState: 112, CurrentState:112",28e57347,Read out cached package applicability for package: <*> ApplicableState: <*> <*>,"['Package_for_KB3142024~31bf3856ad364e35~amd64~~6.1.1.1,', '112, CurrentState:112']"
854,2016-09-28,04:30:51,Info,CBS,Session: 30546174_170026732 initialized by client WindowsUpdateAgent.,08fb5d73,Session: <*> initialized by client WindowsUpdateAgent.,['30546174_170026732']
855,2016-09-28,04:30:51,Info,CBS,"Read out cached package applicability for package: Package_for_KB2835174~31bf3856ad364e35~amd64~~6.1.1.0, ApplicableState: 0, CurrentState:0",28e57347,Read out cached package applicability for package: <*> ApplicableState: <*> <*>,"['Package_for_KB2835174~31bf3856ad364e35~amd64~~6.1.1.0,', '0, CurrentState:0']"
856,2016-09-28,04:30:51,Info,CBS,Session: 30546174_170246744 initialized by client WindowsUpdateAgent.,08fb5d73,Session: <*> initialized by client WindowsUpdateAgent.,['30546174_170246744']
857,2016-09-28,04:30:51,Info,CBS,"Read out cached package applicability for package: Package_for_KB2808679~31bf3856ad364e35~amd64~~6.1.1.2, ApplicableState: 112, CurrentState:112",28e57347,Read out cached package applicability for package: <*> ApplicableState: <*> <*>,"['Package_for_KB2808679~31bf3856ad364e35~amd64~~6.1.1.2,', '112, CurrentState:112']"
858,2016-09-28,04:30:51,Info,CBS,Session: 30546174_171486815 initialized by client WindowsUpdateAgent.,08fb5d73,Session: <*> initialized by client WindowsUpdateAgent.,['30546174_171486815']
859,2016-09-28,04:30:51,Info,CBS,"Read out cached package applicability for package: Package_for_KB2552343~31bf3856ad364e35~amd64~~6.1.1.0, ApplicableState: 112, CurrentState:112",28e57347,Read out cached package applicability for package: <*> ApplicableState: <*> <*>,"['Package_for_KB2552343~31bf3856ad364e35~amd64~~6.1.1.0,', '112, CurrentState:112']"
860,2016-09-28,04:30:51,Info,CBS,Session: 30546174_171536818 initialized by client WindowsUpdateAgent.,08fb5d73,Session: <*> initialized by client WindowsUpdateAgent.,['30546174_171536818']
861,2016-09-28,04:30:51,Info,CBS,"Read out cached package applicability for package: Package_for_KB2532531~31bf3856ad364e35~amd64~~6.1.1.0, ApplicableState: 80, CurrentState:112",28e57347,Read out cached package applicability for package: <*> ApplicableState: <*> <*>,"['Package_for_KB2532531~31bf3856ad364e35~amd64~~6.1.1.0,', '80, CurrentState:112']"
862,2016-09-28,04:30:51,Info,CBS,Session: 30546174_171646824 initialized by client WindowsUpdateAgent.,08fb5d73,Session: <*> initialized by client WindowsUpdateAgent.,['30546174_171646824']
863,2016-09-28,04:30:51,Info,CBS,"Read out cached package applicability for package: Package_for_KB2973112~31bf3856ad364e35~amd64~~6.1.1.0, ApplicableState: 112, CurrentState:112",28e57347,Read out cached package applicability for package: <*> ApplicableState: <*> <*>,"['Package_for_KB2973112~31bf3856ad364e35~amd64~~6.1.1.0,', '112, CurrentState:112']"
864,2016-09-28,04:30:52,Info,CBS,Session: 30546174_172076849 initialized by client WindowsUpdateAgent.,08fb5d73,Session: <*> initialized by client WindowsUpdateAgent.,['30546174_172076849']
865,2016-09-28,04:30:52,Info,CBS,"Read out cached package applicability for package: Package_for_KB2653956~31bf3856ad364e35~amd64~~6.1.1.5, ApplicableState: 80, CurrentState:112",28e57347,Read out cached package applicability for package: <*> ApplicableState: <*> <*>,"['Package_for_KB2653956~31bf3856ad364e35~amd64~~6.1.1.5,', '80, CurrentState:112']"
866,2016-09-28,04:30:52,Info,CBS,Session: 30546174_172126852 initialized by client WindowsUpdateAgent.,08fb5d73,Session: <*> initialized by client WindowsUpdateAgent.,['30546174_172126852']
867,2016-09-28,04:30:52,Info,CBS,"Read out cached package applicability for package: Package_for_KB3101722~31bf3856ad364e35~amd64~~6.1.1.0, ApplicableState: 112, CurrentState:112",28e57347,Read out cached package applicability for package: <*> ApplicableState: <*> <*>,"['Package_for_KB3101722~31bf3856ad364e35~amd64~~6.1.1.0,', '112, CurrentState:112']"
868,2016-09-28,04:30:52,Info,CBS,Session: 30546174_172246858 initialized by client WindowsUpdateAgent.,08fb5d73,Session: <*> initialized by client WindowsUpdateAgent.,['30546174_172246858']
869,2016-09-28,04:30:52,Info,CBS,"Read out cached package applicability for package: Package_for_KB3155178~31bf3856ad364e35~amd64~~6.1.1.0, ApplicableState: 112, CurrentState:112",28e57347,Read out cached package applicability for package: <*> ApplicableState: <*> <*>,"['Package_for_KB3155178~31bf3856ad364e35~amd64~~6.1.1.0,', '112, CurrentState:112']"
870,2016-09-28,04:30:52,Info,CBS,Session: 30546174_172276860 initialized by client WindowsUpdateAgent.,08fb5d73,Session: <*> initialized by client WindowsUpdateAgent.,['30546174_172276860']
871,2016-09-28,04:30:52,Info,CBS,"Read out cached package applicability for package: Package_for_KB2978120~31bf3856ad364e35~amd64~~6.1.1.0, ApplicableState: 112, CurrentState:112",28e57347,Read out cached package applicability for package: <*> ApplicableState: <*> <*>,"['Package_for_KB2978120~31bf3856ad364e35~amd64~~6.1.1.0,', '112, CurrentState:112']"
872,2016-09-28,04:30:52,Info,CBS,Session: 30546174_172546876 initialized by client WindowsUpdateAgent.,08fb5d73,Session: <*> initialized by client WindowsUpdateAgent.,['30546174_172546876']
873,2016-09-28,04:30:52,Info,CBS,"Read out cached package applicability for package: Package_for_KB3140245~31bf3856ad364e35~amd64~~6.1.1.0, ApplicableState: 112, CurrentState:112",28e57347,Read out cached package applicability for package: <*> ApplicableState: <*> <*>,"['Package_for_KB3140245~31bf3856ad364e35~amd64~~6.1.1.0,', '112, CurrentState:112']"
874,2016-09-28,04:30:52,Info,CBS,Session: 30546174_172566877 initialized by client WindowsUpdateAgent.,08fb5d73,Session: <*> initialized by client WindowsUpdateAgent.,['30546174_172566877']
875,2016-09-28,04:30:52,Info,CBS,"Read out cached package applicability for package: Package_for_KB3010788~31bf3856ad364e35~amd64~~6.1.1.1, ApplicableState: 112, CurrentState:112",28e57347,Read out cached package applicability for package: <*> ApplicableState: <*> <*>,"['Package_for_KB3010788~31bf3856ad364e35~amd64~~6.1.1.1,', '112, CurrentState:112']"
876,2016-09-28,04:30:52,Info,CBS,Session: 30546174_172676883 initialized by client WindowsUpdateAgent.,08fb5d73,Session: <*> initialized by client WindowsUpdateAgent.,['30546174_172676883']
877,2016-09-28,04:30:52,Info,CBS,"Read out cached package applicability for package: Package_for_KB982018~31bf3856ad364e35~amd64~~6.1.3.2, ApplicableState: 112, CurrentState:112",28e57347,Read out cached package applicability for package: <*> ApplicableState: <*> <*>,"['Package_for_KB982018~31bf3856ad364e35~amd64~~6.1.3.2,', '112, CurrentState:112']"
878,2016-09-28,04:30:52,Info,CBS,Session: 30546174_173216914 initialized by client WindowsUpdateAgent.,08fb5d73,Session: <*> initialized by client WindowsUpdateAgent.,['30546174_173216914']
879,2016-09-28,04:30:52,Info,CBS,"Read out cached package applicability for package: Package_for_KB2705219~31bf3856ad364e35~amd64~~6.1.2.0, ApplicableState: 112, CurrentState:112",28e57347,Read out cached package applicability for package: <*> ApplicableState: <*> <*>,"['Package_for_KB2705219~31bf3856ad364e35~amd64~~6.1.2.0,', '112, CurrentState:112']"
880,2016-09-28,04:30:52,Info,CBS,Session: 30546174_173266917 initialized by client WindowsUpdateAgent.,08fb5d73,Session: <*> initialized by client WindowsUpdateAgent.,['30546174_173266917']
881,2016-09-28,04:30:52,Info,CBS,Session: 30546174_173636938 initialized by client WindowsUpdateAgent.,08fb5d73,Session: <*> initialized by client WindowsUpdateAgent.,['30546174_173636938']
882,2016-09-28,04:30:52,Info,CBS,"Read out cached package applicability for package: Package_for_KB3004375~31bf3856ad364e35~amd64~~6.1.3.1, ApplicableState: 112, CurrentState:112",28e57347,Read out cached package applicability for package: <*> ApplicableState: <*> <*>,"['Package_for_KB3004375~31bf3856ad364e35~amd64~~6.1.3.1,', '112, CurrentState:112']"
883,2016-09-28,04:30:52,Info,CBS,Session: 30546174_176877123 initialized by client WindowsUpdateAgent.,08fb5d73,Session: <*> initialized by client WindowsUpdateAgent.,['30546174_176877123']
884,2016-09-28,04:30:52,Info,CBS,"Read out cached package applicability for package: Package_for_KB3138378~31bf3856ad364e35~amd64~~6.1.1.0, ApplicableState: 112, CurrentState:112",28e57347,Read out cached package applicability for package: <*> ApplicableState: <*> <*>,"['Package_for_KB3138378~31bf3856ad364e35~amd64~~6.1.1.0,', '112, CurrentState:112']"
885,2016-09-28,04:30:52,Info,CBS,Session: 30546174_176887124 initialized by client WindowsUpdateAgent.,08fb5d73,Session: <*> initialized by client WindowsUpdateAgent.,['30546174_176887124']
886,2016-09-28,04:30:52,Info,CBS,"Read out cached package applicability for package: Package_for_KB2506928~31bf3856ad364e35~amd64~~6.1.2.0, ApplicableState: 112, CurrentState:112",28e57347,Read out cached package applicability for package: <*> ApplicableState: <*> <*>,"['Package_for_KB2506928~31bf3856ad364e35~amd64~~6.1.2.0,', '112, CurrentState:112']"
887,2016-09-28,04:30:52,Info,CBS,Session: 30546174_176917126 initialized by client WindowsUpdateAgent.,08fb5d73,Session: <*> initialized by client WindowsUpdateAgent.,['30546174_176917126']
888,2016-09-28,04:30:52,Info,CBS,"Read out cached package applicability for package: Package_for_KB2799926~31bf3856ad364e35~amd64~~6.1.1.0, ApplicableState: 112, CurrentState:112",28e57347,Read out cached package applicability for package: <*> ApplicableState: <*> <*>,"['Package_for_KB2799926~31bf3856ad364e35~amd64~~6.1.1.0,', '112, CurrentState:112']"
889,2016-09-28,04:30:52,Info,CBS,Session: 30546174_176947127 initialized by client WindowsUpdateAgent.,08fb5d73,Session: <*> initialized by client WindowsUpdateAgent.,['30546174_176947127']
890,2016-09-28,04:30:52,Info,CBS,"Read out cached package applicability for package: Package_for_KB2491683~31bf3856ad364e35~amd64~~6.1.1.1, ApplicableState: 112, CurrentState:112",28e57347,Read out cached package applicability for package: <*> ApplicableState: <*> <*>,"['Package_for_KB2491683~31bf3856ad364e35~amd64~~6.1.1.1,', '112, CurrentState:112']"
891,2016-09-28,04:30:52,Info,CBS,Session: 30546174_176967128 initialized by client WindowsUpdateAgent.,08fb5d73,Session: <*> initialized by client WindowsUpdateAgent.,['30546174_176967128']
892,2016-09-28,04:30:52,Info,CBS,"Read out cached package applicability for package: Package_for_KB2654428~31bf3856ad364e35~amd64~~6.1.1.0, ApplicableState: 112, CurrentState:112",28e57347,Read out cached package applicability for package: <*> ApplicableState: <*> <*>,"['Package_for_KB2654428~31bf3856ad364e35~amd64~~6.1.1.0,', '112, CurrentState:112']"
893,2016-09-28,04:30:52,Info,CBS,Session: 30546174_177007131 initialized by client WindowsUpdateAgent.,08fb5d73,Session: <*> initialized by client WindowsUpdateAgent.,['30546174_177007131']
894,2016-09-28,04:30:52,Info,CBS,"Read out cached package applicability for package: Package_for_KB3004361~31bf3856ad364e35~amd64~~6.1.1.0, ApplicableState: 112, CurrentState:112",28e57347,Read out cached package applicability for package: <*> ApplicableState: <*> <*>,"['Package_for_KB3004361~31bf3856ad364e35~amd64~~6.1.1.0,', '112, CurrentState:112']"
895,2016-09-28,04:30:52,Info,CBS,Session: 30546174_177047133 initialized by client WindowsUpdateAgent.,08fb5d73,Session: <*> initialized by client WindowsUpdateAgent.,['30546174_177047133']
896,2016-09-28,04:30:52,Info,CBS,"Read out cached package applicability for package: Package_for_KB3108371~31bf3856ad364e35~amd64~~6.1.1.0, ApplicableState: 112, CurrentState:112",28e57347,Read out cached package applicability for package: <*> ApplicableState: <*> <*>,"['Package_for_KB3108371~31bf3856ad364e35~amd64~~6.1.1.0,', '112, CurrentState:112']"
897,2016-09-28,04:30:52,Info,CBS,Session: 30546174_177107136 initialized by client WindowsUpdateAgent.,08fb5d73,Session: <*> initialized by client WindowsUpdateAgent.,['30546174_177107136']
898,2016-09-28,04:30:52,Info,CBS,"Read out cached package applicability for package: Package_for_KB2892074~31bf3856ad364e35~amd64~~6.1.1.0, ApplicableState: 112, CurrentState:112",28e57347,Read out cached package applicability for package: <*> ApplicableState: <*> <*>,"['Package_for_KB2892074~31bf3856ad364e35~amd64~~6.1.1.0,', '112, CurrentState:112']"
899,2016-09-28,04:30:52,Info,CBS,Session: 30546174_177417154 initialized by client WindowsUpdateAgent.,08fb5d73,Session: <*> initialized by client WindowsUpdateAgent.,['30546174_177417154']
900,2016-09-28,04:30:52,Info,CBS,"Read out cached package applicability for package: Package_for_KB2973351~31bf3856ad364e35~amd64~~6.1.1.1, ApplicableState: 112, CurrentState:112",28e57347,Read out cached package applicability for package: <*> ApplicableState: <*> <*>,"['Package_for_KB2973351~31bf3856ad364e35~amd64~~6.1.1.1,', '112, CurrentState:112']"
901,2016-09-28,04:30:52,Info,CBS,Session: 30546174_179617280 initialized by client WindowsUpdateAgent.,08fb5d73,Session: <*> initialized by client WindowsUpdateAgent.,['30546174_179617280']
902,2016-09-28,04:30:52,Info,CBS,"Read out cached package applicability for package: Package_for_KB2729094~31bf3856ad364e35~amd64~~6.1.2.0, ApplicableState: 112, CurrentState:112",28e57347,Read out cached package applicability for package: <*> ApplicableState: <*> <*>,"['Package_for_KB2729094~31bf3856ad364e35~amd64~~6.1.2.0,', '112, CurrentState:112']"
903,2016-09-28,04:30:52,Info,CBS,Session: 30546174_179737287 initialized by client WindowsUpdateAgent.,08fb5d73,Session: <*> initialized by client WindowsUpdateAgent.,['30546174_179737287']
904,2016-09-28,04:30:52,Info,CBS,"Read out cached package applicability for package: Package_for_KB2511455~31bf3856ad364e35~amd64~~6.1.1.0, ApplicableState: 112, CurrentState:112",28e57347,Read out cached package applicability for package: <*> ApplicableState: <*> <*>,"['Package_for_KB2511455~31bf3856ad364e35~amd64~~6.1.1.0,', '112, CurrentState:112']"
905,2016-09-28,04:30:52,Info,CBS,Session: 30546174_179777289 initialized by client WindowsUpdateAgent.,08fb5d73,Session: <*> initialized by client WindowsUpdateAgent.,['30546174_179777289']
906,2016-09-28,04:30:52,Info,CBS,"Read out cached package applicability for package: Package_for_KB2564958~31bf3856ad364e35~amd64~~6.1.1.1, ApplicableState: 112, CurrentState:112",28e57347,Read out cached package applicability for package: <*> ApplicableState: <*> <*>,"['Package_for_KB2564958~31bf3856ad364e35~amd64~~6.1.1.1,', '112, CurrentState:112']"
907,2016-09-28,04:30:52,Info,CBS,Session: 30546174_179827292 initialized by client WindowsUpdateAgent.,08fb5d73,Session: <*> initialized by client WindowsUpdateAgent.,['30546174_179827292']
908,2016-09-28,04:30:52,Info,CBS,"Read out cached package applicability for package: Package_for_KB3045685~31bf3856ad364e35~amd64~~6.1.1.0, ApplicableState: 112, CurrentState:112",28e57347,Read out cached package applicability for package: <*> ApplicableState: <*> <*>,"['Package_for_KB3045685~31bf3856ad364e35~amd64~~6.1.1.0,', '112, CurrentState:112']"
909,2016-09-28,04:30:52,Info,CBS,Session: 30546174_179897296 initialized by client WindowsUpdateAgent.,08fb5d73,Session: <*> initialized by client WindowsUpdateAgent.,['30546174_179897296']
910,2016-09-28,04:30:52,Info,CBS,"Read out cached package applicability for package: Package_for_KB2836943~31bf3856ad364e35~amd64~~6.1.2.0, ApplicableState: 80, CurrentState:112",28e57347,Read out cached package applicability for package: <*> ApplicableState: <*> <*>,"['Package_for_KB2836943~31bf3856ad364e35~amd64~~6.1.2.0,', '80, CurrentState:112']"
911,2016-09-28,04:30:52,Info,CBS,Session: 30546174_180077306 initialized by client WindowsUpdateAgent.,08fb5d73,Session: <*> initialized by client WindowsUpdateAgent.,['30546174_180077306']
912,2016-09-28,04:30:52,Info,CBS,"Read out cached package applicability for package: Package_for_KB2698365~31bf3856ad364e35~amd64~~6.1.1.2, ApplicableState: 112, CurrentState:112",28e57347,Read out cached package applicability for package: <*> ApplicableState: <*> <*>,"['Package_for_KB2698365~31bf3856ad364e35~amd64~~6.1.1.2,', '112, CurrentState:112']"
913,2016-09-28,04:30:52,Info,CBS,Session: 30546174_180217314 initialized by client WindowsUpdateAgent.,08fb5d73,Session: <*> initialized by client WindowsUpdateAgent.,['30546174_180217314']
914,2016-09-28,04:30:52,Info,CBS,Session: 30546174_180377324 initialized by client WindowsUpdateAgent.,08fb5d73,Session: <*> initialized by client WindowsUpdateAgent.,['30546174_180377324']
915,2016-09-28,04:30:52,Info,CBS,"Read out cached package applicability for package: Package_for_KB3031432~31bf3856ad364e35~amd64~~6.1.1.0, ApplicableState: 80, CurrentState:112",28e57347,Read out cached package applicability for package: <*> ApplicableState: <*> <*>,"['Package_for_KB3031432~31bf3856ad364e35~amd64~~6.1.1.0,', '80, CurrentState:112']"
916,2016-09-28,04:30:52,Info,CBS,Session: 30546174_181797405 initialized by client WindowsUpdateAgent.,08fb5d73,Session: <*> initialized by client WindowsUpdateAgent.,['30546174_181797405']
917,2016-09-28,04:30:53,Info,CBS,"Read out cached package applicability for package: Package_for_KB3004375~31bf3856ad364e35~amd64~~6.1.3.1, ApplicableState: 112, CurrentState:112",28e57347,Read out cached package applicability for package: <*> ApplicableState: <*> <*>,"['Package_for_KB3004375~31bf3856ad364e35~amd64~~6.1.3.1,', '112, CurrentState:112']"
918,2016-09-28,04:30:53,Info,CBS,Session: 30546174_184807577 initialized by client WindowsUpdateAgent.,08fb5d73,Session: <*> initialized by client WindowsUpdateAgent.,['30546174_184807577']
919,2016-09-28,04:30:53,Info,CBS,"Read out cached package applicability for package: Package_for_KB2928120~31bf3856ad364e35~amd64~~6.1.1.2, ApplicableState: 0, CurrentState:0",28e57347,Read out cached package applicability for package: <*> ApplicableState: <*> <*>,"['Package_for_KB2928120~31bf3856ad364e35~amd64~~6.1.1.2,', '0, CurrentState:0']"
920,2016-09-28,04:30:53,Info,CBS,Session: 30546174_185287604 initialized by client WindowsUpdateAgent.,08fb5d73,Session: <*> initialized by client WindowsUpdateAgent.,['30546174_185287604']
921,2016-09-28,04:30:53,Info,CBS,"Read out cached package applicability for package: Package_for_KB3087039~31bf3856ad364e35~amd64~~6.1.1.4, ApplicableState: 80, CurrentState:112",28e57347,Read out cached package applicability for package: <*> ApplicableState: <*> <*>,"['Package_for_KB3087039~31bf3856ad364e35~amd64~~6.1.1.4,', '80, CurrentState:112']"
922,2016-09-28,04:30:53,Info,CBS,Session: 30546174_185317606 initialized by client WindowsUpdateAgent.,08fb5d73,Session: <*> initialized by client WindowsUpdateAgent.,['30546174_185317606']
923,2016-09-28,04:30:53,Info,CBS,"Read out cached package applicability for package: Package_for_KB2736422~31bf3856ad364e35~amd64~~6.1.1.0, ApplicableState: 112, CurrentState:112",28e57347,Read out cached package applicability for package: <*> ApplicableState: <*> <*>,"['Package_for_KB2736422~31bf3856ad364e35~amd64~~6.1.1.0,', '112, CurrentState:112']"
924,2016-09-28,04:30:53,Info,CBS,Session: 30546174_185407611 initialized by client WindowsUpdateAgent.,08fb5d73,Session: <*> initialized by client WindowsUpdateAgent.,['30546174_185407611']
925,2016-09-28,04:30:53,Info,CBS,"Read out cached package applicability for package: Package_for_KB3156019~31bf3856ad364e35~amd64~~6.1.1.1, ApplicableState: 112, CurrentState:112",28e57347,Read out cached package applicability for package: <*> ApplicableState: <*> <*>,"['Package_for_KB3156019~31bf3856ad364e35~amd64~~6.1.1.1,', '112, CurrentState:112']"
926,2016-09-28,04:30:53,Info,CBS,Session: 30546174_185487616 initialized by client WindowsUpdateAgent.,08fb5d73,Session: <*> initialized by client WindowsUpdateAgent.,['30546174_185487616']
927,2016-09-28,04:30:53,Info,CBS,"Read out cached package applicability for package: Package_for_RollupFix~31bf3856ad364e35~amd64~~7601.23545.1.4, ApplicableState: 112, CurrentState:112",28e57347,Read out cached package applicability for package: <*> ApplicableState: <*> <*>,"['Package_for_RollupFix~31bf3856ad364e35~amd64~~7601.23545.1.4,', '112, CurrentState:112']"
928,2016-09-28,04:30:53,Info,CBS,Session: 30546174_186107651 initialized by client WindowsUpdateAgent.,08fb5d73,Session: <*> initialized by client WindowsUpdateAgent.,['30546174_186107651']
929,2016-09-28,04:30:53,Info,CBS,"Read out cached package applicability for package: Package_for_KB2862152~31bf3856ad364e35~amd64~~6.1.1.1, ApplicableState: 112, CurrentState:112",28e57347,Read out cached package applicability for package: <*> ApplicableState: <*> <*>,"['Package_for_KB2862152~31bf3856ad364e35~amd64~~6.1.1.1,', '112, CurrentState:112']"
930,2016-09-28,04:30:53,Info,CBS,Session: 30546174_186137653 initialized by client WindowsUpdateAgent.,08fb5d73,Session: <*> initialized by client WindowsUpdateAgent.,['30546174_186137653']
931,2016-09-28,04:30:53,Info,CBS,"Read out cached package applicability for package: Package_for_KB2852386~31bf3856ad364e35~amd64~~6.1.1.3, ApplicableState: 112, CurrentState:112",28e57347,Read out cached package applicability for package: <*> ApplicableState: <*> <*>,"['Package_for_KB2852386~31bf3856ad364e35~amd64~~6.1.1.3,', '112, CurrentState:112']"
932,2016-09-28,04:30:53,Info,CBS,Session: 30546174_186257660 initialized by client WindowsUpdateAgent.,08fb5d73,Session: <*> initialized by client WindowsUpdateAgent.,['30546174_186257660']
933,2016-09-28,04:30:53,Info,CBS,"Read out cached package applicability for package: Package_for_KB2647753~31bf3856ad364e35~amd64~~6.1.4.0, ApplicableState: 112, CurrentState:112",28e57347,Read out cached package applicability for package: <*> ApplicableState: <*> <*>,"['Package_for_KB2647753~31bf3856ad364e35~amd64~~6.1.4.0,', '112, CurrentState:112']"
934,2016-09-28,04:30:53,Info,CBS,Session: 30546174_186297662 initialized by client WindowsUpdateAgent.,08fb5d73,Session: <*> initialized by client WindowsUpdateAgent.,['30546174_186297662']
935,2016-09-28,04:30:53,Info,CBS,"Read out cached package applicability for package: Package_for_KB3177467~31bf3856ad364e35~amd64~~6.1.1.1, ApplicableState: 112, CurrentState:112",28e57347,Read out cached package applicability for package: <*> ApplicableState: <*> <*>,"['Package_for_KB3177467~31bf3856ad364e35~amd64~~6.1.1.1,', '112, CurrentState:112']"
936,2016-09-28,04:32:17,Info,CBS,Failed to create backup log cab. [HRESULT = 0x80070001 - ERROR_INVALID_FUNCTION],25d623ae,Failed to create backup log cab. [HRESULT = <*>- ERROR_INVALID_FUNCTION],['0x80070001 ']
937,2016-09-28,04:40:53,Info,CBS,Reboot mark refs incremented to: 1,61d03dc7,Reboot mark refs incremented to: 1,[]
938,2016-09-28,04:40:53,Info,CBS,Scavenge: Starts,8599e10a,Scavenge: Starts,[]
939,2016-09-28,04:40:53,Info,CSI,"00000009@2016/9/27:20:40:53.744 CSI Transaction @0x47e9e0 initialized for deployment engine {d16d444c-56d8-11d5-882d-0080c847b195} with flags 00000002 and client id [10]""TI6.0_0:0/""",dc5d5c25,"00000009@2016/9/27:20:40:53.744 CSI Transaction @<*>initialized for deployment engine {d16d444c-56d8-11d5-882d-0080c847b195} with flags 00000002 and client id [10]""TI6.0_0:0/""",['0x47e9e0 ']
940,2016-09-28,04:40:53,Info,CBS,Scavenge: Begin CSI Store,1f1dbb91,Scavenge: Begin CSI Store,[]
941,2016-09-28,04:40:54,Info,CSI,0000000a Performing 1 operations; 1 are not lock/unlock and follow:,a9fb3d97,0000000a Performing 1 operations; 1 are not lock/unlock and follow:,[]
942,2016-09-28,04:40:54,Info,CSI,"0000000b Store coherency cookie matches last scavenge cookie, skipping scavenge.",8ac976fd,"0000000b Store coherency cookie matches last scavenge cookie, skipping scavenge.",[]
943,2016-09-28,04:40:54,Info,CSI,0000000c ICSITransaction::Commit calling IStorePendingTransaction::Apply - coldpatching=FALSE applyflags=7,5d86bd83,0000000c ICSITransaction::Commit calling IStorePendingTransaction::Apply - coldpatching=FALSE applyflags=7,[]
944,2016-09-28,04:40:54,Info,CSI,"0000000d Creating NT transaction (seq 2), objectname [6]""(null)""",af6dad2f,"<*> Creating NT transaction (seq <*> objectname [6]""(null)""","['0000000d', '2),']"
945,2016-09-28,04:40:54,Info,CSI,"0000000e Created NT transaction (seq 2) result 0x00000000, handle @0xb8",6e2f40cc,<*> Created NT transaction (seq <*> result <*>handle <*>,"['0000000e', '2)', '0x00000000, ', '@0xb8']"
946,2016-09-28,04:40:54,Info,CSI,0000000f@2016/9/27:20:40:54.786 CSI perf trace:,0d5fb9ff,<*> CSI perf trace:,['0000000f@2016/9/27:20:40:54.786']
947,2016-09-28,04:40:54,Info,CBS,"Scavenge: Completed, disposition: 0X1",d287433e,"Scavenge: Completed, disposition: 0X1",[]
948,2016-09-28,04:40:54,Info,CSI,00000010@2016/9/27:20:40:54.787 CSI Transaction @0x47e9e0 destroyed,2b020f61,00000010@2016/9/27:20:40:54.787 CSI Transaction @<*>destroyed,['0x47e9e0 ']
949,2016-09-28,04:40:55,Info,CBS,Reboot mark refs: 0,e9fec322,Reboot mark refs: 0,[]
950,2016-09-28,04:40:55,Info,CBS,Idle processing thread terminated normally,ecc5604d,Idle processing thread terminated normally,[]
951,2016-09-28,04:40:55,Info,CBS,Ending the TrustedInstaller main loop.,1915371f,Ending the TrustedInstaller main loop.,[]
952,2016-09-28,04:40:55,Info,CBS,Starting TrustedInstaller finalization.,fadf9755,Starting TrustedInstaller <*>,['finalization.']
953,2016-09-28,04:40:55,Info,CBS,Ending TrustedInstaller finalization.,b5d20860,Ending TrustedInstaller <*>,['finalization.']
954,2016-09-29,00:00:44,Info,CBS,Starting TrustedInstaller initialization.,fadf9755,Starting TrustedInstaller <*>,['initialization.']
955,2016-09-29,00:00:44,Info,CBS,Loaded Servicing Stack v6.1.7601.23505 with Core: C:\Windows\winsxs\amd64_microsoft-windows-servicingstack_31bf3856ad364e35_6.1.7601.23505_none_681aa442f6fed7f0\cbscore.dll,8c7b6197,Loaded Servicing Stack v6.1.7601.23505 with Core: C:\Windows\winsxs\amd64_microsoft-windows-servicingstack_31bf3856ad364e35_6.1.7601.23505_none_681aa442f6fed7f0\cbscore.dll,[]
956,2016-09-29,00:00:46,Info,CSI,00000001@2016/9/28:16:00:46.160 WcpInitialize (wcp.dll version 0.0.0.6) called (stack @0x7fed875eb5d @0x7fee5c39b6d @0x7fee5c0358f @0xffeee97c @0xffeed799 @0xffeedb2f),13caa1c5,<*> WcpInitialize (wcp.dll version 0.0.0.6) called (stack <*>,"['00000001@2016/9/28:16:00:46.160', '@0x7fed875eb5d @0x7fee5c39b6d @0x7fee5c0358f @0xffeee97c @0xffeed799 @0xffeedb2f)']"
957,2016-09-29,00:00:46,Info,CSI,00000002@2016/9/28:16:00:46.200 WcpInitialize (wcp.dll version 0.0.0.6) called (stack @0x7fed875eb5d @0x7fee5c86ade @0x7fee5c52984 @0x7fee5c03665 @0xffeee97c @0xffeed799),13caa1c5,<*> WcpInitialize (wcp.dll version 0.0.0.6) called (stack <*>,"['00000002@2016/9/28:16:00:46.200', '@0x7fed875eb5d @0x7fee5c86ade @0x7fee5c52984 @0x7fee5c03665 @0xffeee97c @0xffeed799)']"
958,2016-09-29,00:00:46,Info,CSI,00000003@2016/9/28:16:00:46.213 WcpInitialize (wcp.dll version 0.0.0.6) called (stack @0x7fed875eb5d @0x7fef9d98728 @0x7fef9d98856 @0xffeee474 @0xffeed7de @0xffeedb2f),13caa1c5,<*> WcpInitialize (wcp.dll version 0.0.0.6) called (stack <*>,"['00000003@2016/9/28:16:00:46.213', '@0x7fed875eb5d @0x7fef9d98728 @0x7fef9d98856 @0xffeee474 @0xffeed7de @0xffeedb2f)']"
959,2016-09-29,00:00:46,Info,CBS,Ending TrustedInstaller initialization.,b5d20860,Ending TrustedInstaller <*>,['initialization.']
960,2016-09-29,00:00:46,Info,CBS,Starting the TrustedInstaller main loop.,ddb70245,Starting the TrustedInstaller main loop.,[]
961,2016-09-29,00:00:46,Info,CBS,TrustedInstaller service starts successfully.,70236f55,TrustedInstaller service starts successfully.,[]
962,2016-09-29,00:00:46,Info,CBS,SQM: Initializing online with Windows opt-in: False,492269e4,SQM: Initializing online with Windows opt-in: False,[]
963,2016-09-29,00:00:46,Info,CBS,SQM: Cleaning up report files older than 10 days.,88c7a286,SQM: Cleaning up report files older than 10 days.,[]
964,2016-09-29,00:00:46,Info,CBS,SQM: Requesting upload of all unsent reports.,7e5b1617,SQM: Requesting upload of all unsent reports.,[]
965,2016-09-29,00:00:46,Info,CBS,"SQM: Failed to start upload with file pattern: C:\Windows\servicing\sqm\*_std.sqm, flags: 0x2 [HRESULT = 0x80004005 - E_FAIL]",083f8cc2,"SQM: Failed to start upload with file pattern: C:\Windows\servicing\sqm\*_std.sqm, flags: <*>[HRESULT = <*>- E_FAIL]","['0x2 ', '0x80004005 ']"
966,2016-09-29,00:00:46,Info,CBS,SQM: Failed to start standard sample upload. [HRESULT = 0x80004005 - E_FAIL],2a6f127b,SQM: Failed to start standard sample upload. [HRESULT = <*>- E_FAIL],['0x80004005 ']
967,2016-09-29,00:00:46,Info,CBS,"SQM: Queued 0 file(s) for upload with pattern: C:\Windows\servicing\sqm\*_all.sqm, flags: 0x6",500cb726,"SQM: Queued 0 file(s) for upload with pattern: C:\Windows\servicing\sqm\*_all.sqm, flags: 0x6",[]
968,2016-09-29,00:00:46,Info,CBS,SQM: Warning: Failed to upload all unsent reports. [HRESULT = 0x80004005 - E_FAIL],d13705e4,SQM: Warning: Failed to upload all unsent reports. [HRESULT = <*>- E_FAIL],['0x80004005 ']
969,2016-09-29,00:00:46,Info,CBS,"No startup processing required, TrustedInstaller service was not set as autostart, or else a reboot is still pending.",6342ae85,"No startup processing required, TrustedInstaller service was not set as autostart, or else a reboot is still pending.",[]
970,2016-09-29,00:00:46,Info,CBS,NonStart: Checking to ensure startup processing was not required.,b756d24a,NonStart: Checking to ensure startup processing was not required.,[]
971,2016-09-29,00:00:46,Info,CSI,"00000004 IAdvancedInstallerAwareStore_ResolvePendingTransactions (call 1) (flags = 00000004, progress = NULL, phase = 0, pdwDisposition = @0x116fa70",82206fcd,"00000004 IAdvancedInstallerAwareStore_ResolvePendingTransactions (call 1) (flags = 00000004, progress = NULL, phase = 0, pdwDisposition = <*>",['@0x116fa70']
972,2016-09-29,00:00:46,Info,CSI,"00000005 Creating NT transaction (seq 1), objectname [6]""(null)""",af6dad2f,"<*> Creating NT transaction (seq <*> objectname [6]""(null)""","['00000005', '1),']"
973,2016-09-29,00:00:46,Info,CSI,"00000006 Created NT transaction (seq 1) result 0x00000000, handle @0x218",6e2f40cc,<*> Created NT transaction (seq <*> result <*>handle <*>,"['00000006', '1)', '0x00000000, ', '@0x218']"
974,2016-09-29,00:00:46,Info,CSI,00000007@2016/9/28:16:00:46.260 CSI perf trace:,0d5fb9ff,<*> CSI perf trace:,['00000007@2016/9/28:16:00:46.260']
975,2016-09-29,00:00:46,Info,CBS,"NonStart: Success, startup processing not required as expected.",c7e0e082,"NonStart: Success, startup processing not required as expected.",[]
976,2016-09-29,00:00:46,Info,CBS,Startup processing thread terminated normally,0249909f,Startup processing thread terminated normally,[]
977,2016-09-29,00:00:46,Info,CBS,"Loading offline registry hive: SOFTWARE, into registry key '{bf1a281b-ad7b-4476-ac95-f47682990ce7}GLOBALROOT/Device/HarddiskVolumeShadowCopy2/Windows/System32/config/SOFTWARE' from path '\\?\GLOBALROOT\Device\HarddiskVolumeShadowCopy2\Windows\System32\config\SOFTWARE'.",1850fbcc,Loading offline registry hive: <*> into registry key <*> from path <*>,"['SOFTWARE,', ""'{bf1a281b-ad7b-4476-ac95-f47682990ce7}GLOBALROOT/Device/HarddiskVolumeShadowCopy2/Windows/System32/config/SOFTWARE'"", ""'\\\\?\\GLOBALROOT\\Device\\HarddiskVolumeShadowCopy2\\Windows\\System32\\config\\SOFTWARE'.""]"
978,2016-09-29,00:00:46,Info,CBS,"Loading offline registry hive: SYSTEM, into registry key '{bf1a281b-ad7b-4476-ac95-f47682990ce7}GLOBALROOT/Device/HarddiskVolumeShadowCopy2/Windows/System32/config/SYSTEM' from path '\\?\GLOBALROOT\Device\HarddiskVolumeShadowCopy2\Windows\System32\config\SYSTEM'.",1850fbcc,Loading offline registry hive: <*> into registry key <*> from path <*>,"['SYSTEM,', ""'{bf1a281b-ad7b-4476-ac95-f47682990ce7}GLOBALROOT/Device/HarddiskVolumeShadowCopy2/Windows/System32/config/SYSTEM'"", ""'\\\\?\\GLOBALROOT\\Device\\HarddiskVolumeShadowCopy2\\Windows\\System32\\config\\SYSTEM'.""]"
979,2016-09-29,00:00:46,Info,CBS,"Loading offline registry hive: SECURITY, into registry key '{bf1a281b-ad7b-4476-ac95-f47682990ce7}GLOBALROOT/Device/HarddiskVolumeShadowCopy2/Windows/System32/config/SECURITY' from path '\\?\GLOBALROOT\Device\HarddiskVolumeShadowCopy2\Windows\System32\config\SECURITY'.",1850fbcc,Loading offline registry hive: <*> into registry key <*> from path <*>,"['SECURITY,', ""'{bf1a281b-ad7b-4476-ac95-f47682990ce7}GLOBALROOT/Device/HarddiskVolumeShadowCopy2/Windows/System32/config/SECURITY'"", ""'\\\\?\\GLOBALROOT\\Device\\HarddiskVolumeShadowCopy2\\Windows\\System32\\config\\SECURITY'.""]"
980,2016-09-29,00:00:46,Info,CBS,"Loading offline registry hive: SAM, into registry key '{bf1a281b-ad7b-4476-ac95-f47682990ce7}GLOBALROOT/Device/HarddiskVolumeShadowCopy2/Windows/System32/config/SAM' from path '\\?\GLOBALROOT\Device\HarddiskVolumeShadowCopy2\Windows\System32\config\SAM'.",1850fbcc,Loading offline registry hive: <*> into registry key <*> from path <*>,"['SAM,', ""'{bf1a281b-ad7b-4476-ac95-f47682990ce7}GLOBALROOT/Device/HarddiskVolumeShadowCopy2/Windows/System32/config/SAM'"", ""'\\\\?\\GLOBALROOT\\Device\\HarddiskVolumeShadowCopy2\\Windows\\System32\\config\\SAM'.""]"
981,2016-09-29,00:00:46,Info,CBS,"Loading offline registry hive: COMPONENTS, into registry key '{bf1a281b-ad7b-4476-ac95-f47682990ce7}GLOBALROOT/Device/HarddiskVolumeShadowCopy2/Windows/System32/config/COMPONENTS' from path '\\?\GLOBALROOT\Device\HarddiskVolumeShadowCopy2\Windows\System32\config\COMPONENTS'.",1850fbcc,Loading offline registry hive: <*> into registry key <*> from path <*>,"['COMPONENTS,', ""'{bf1a281b-ad7b-4476-ac95-f47682990ce7}GLOBALROOT/Device/HarddiskVolumeShadowCopy2/Windows/System32/config/COMPONENTS'"", ""'\\\\?\\GLOBALROOT\\Device\\HarddiskVolumeShadowCopy2\\Windows\\System32\\config\\COMPONENTS'.""]"
982,2016-09-29,00:00:46,Info,CBS,"Loading offline registry hive: DEFAULT, into registry key '{bf1a281b-ad7b-4476-ac95-f47682990ce7}GLOBALROOT/Device/HarddiskVolumeShadowCopy2/Windows/System32/config/DEFAULT' from path '\\?\GLOBALROOT\Device\HarddiskVolumeShadowCopy2\Windows\System32\config\DEFAULT'.",1850fbcc,Loading offline registry hive: <*> into registry key <*> from path <*>,"['DEFAULT,', ""'{bf1a281b-ad7b-4476-ac95-f47682990ce7}GLOBALROOT/Device/HarddiskVolumeShadowCopy2/Windows/System32/config/DEFAULT'"", ""'\\\\?\\GLOBALROOT\\Device\\HarddiskVolumeShadowCopy2\\Windows\\System32\\config\\DEFAULT'.""]"
983,2016-09-29,00:00:46,Info,CBS,"Loading offline registry hive: ntuser.dat, into registry key '{bf1a281b-ad7b-4476-ac95-f47682990ce7}GLOBALROOT/Device/HarddiskVolumeShadowCopy2/Users/default/ntuser.dat' from path '\\?\GLOBALROOT\Device\HarddiskVolumeShadowCopy2\Users\default\ntuser.dat'.",1850fbcc,Loading offline registry hive: <*> into registry key <*> from path <*>,"['ntuser.dat,', ""'{bf1a281b-ad7b-4476-ac95-f47682990ce7}GLOBALROOT/Device/HarddiskVolumeShadowCopy2/Users/default/ntuser.dat'"", ""'\\\\?\\GLOBALROOT\\Device\\HarddiskVolumeShadowCopy2\\Users\\default\\ntuser.dat'.""]"
984,2016-09-29,00:00:46,Info,CBS,"Loading offline registry hive: schema.dat, into registry key '{bf1a281b-ad7b-4476-ac95-f47682990ce7}GLOBALROOT/Device/HarddiskVolumeShadowCopy2/Windows/system32/smi/store/Machine/schema.dat' from path '\\?\GLOBALROOT\Device\HarddiskVolumeShadowCopy2\Windows\system32\smi\store\Machine\schema.dat'.",1850fbcc,Loading offline registry hive: <*> into registry key <*> from path <*>,"['schema.dat,', ""'{bf1a281b-ad7b-4476-ac95-f47682990ce7}GLOBALROOT/Device/HarddiskVolumeShadowCopy2/Windows/system32/smi/store/Machine/schema.dat'"", ""'\\\\?\\GLOBALROOT\\Device\\HarddiskVolumeShadowCopy2\\Windows\\system32\\smi\\store\\Machine\\schema.dat'.""]"
985,2016-09-29,00:00:46,Info,CBS,Offline image is: read-only,cd7130e6,Offline image is: read-only,[]
986,2016-09-29,00:00:46,Info,CBS,"Disabling manifest caching, because the image is not writeable.",a0ab2bd7,"Disabling manifest caching, because the image is not writeable.",[]
987,2016-09-29,00:00:46,Info,CSI,00000008@2016/9/28:16:00:46.635 PopulateComponentFamiliesKey - Begin,027756ce,00000008@2016/9/28:16:00:46.635 PopulateComponentFamiliesKey - Begin,[]
988,2016-09-29,00:01:03,Info,CSI,00000009@2016/9/28:16:01:03.072 PopulateComponentFamiliesKey - End,44a00bee,00000009@2016/9/28:16:01:03.072 PopulateComponentFamiliesKey - End,[]
989,2016-09-29,00:01:03,Info,CSI,0000000a CSI Store 17159600 (0x000000000105d5b0) initialized,adc049d6,<*> CSI Store <*> (<*>initialized,"['0000000a', '17159600', '0x000000000105d5b0) ']"
990,2016-09-29,00:01:03,Info,CBS,Session: 11152_142416105 initialized by client SPP.,3beea5db,Session: 11152_142416105 initialized by client SPP.,[]
991,2016-09-29,00:01:46,Info,CBS,Warning: Unrecognized packageExtended attribute.,39b783c8,Warning: Unrecognized packageExtended attribute.,[]
992,2016-09-29,00:01:46,Info,CBS,Expecting attribute name [HRESULT = 0x800f080d - CBS_E_MANIFEST_INVALID_ITEM],565f9069,Expecting attribute name [HRESULT = <*>- CBS_E_MANIFEST_INVALID_ITEM],['0x800f080d ']
993,2016-09-29,00:01:46,Info,CBS,Failed to get next element [HRESULT = 0x800f080d - CBS_E_MANIFEST_INVALID_ITEM],9c9f9113,Failed to get next element [HRESULT = <*>- CBS_E_MANIFEST_INVALID_ITEM],['0x800f080d ']
994,2016-09-29,00:01:46,Info,CBS,Warning: Unrecognized packageExtended attribute.,39b783c8,Warning: Unrecognized packageExtended attribute.,[]
995,2016-09-29,00:01:46,Info,CBS,Expecting attribute name [HRESULT = 0x800f080d - CBS_E_MANIFEST_INVALID_ITEM],565f9069,Expecting attribute name [HRESULT = <*>- CBS_E_MANIFEST_INVALID_ITEM],['0x800f080d ']
996,2016-09-29,00:01:46,Info,CBS,Failed to get next element [HRESULT = 0x800f080d - CBS_E_MANIFEST_INVALID_ITEM],9c9f9113,Failed to get next element [HRESULT = <*>- CBS_E_MANIFEST_INVALID_ITEM],['0x800f080d ']
997,2016-09-29,00:01:46,Info,CBS,Warning: Unrecognized packageExtended attribute.,39b783c8,Warning: Unrecognized packageExtended attribute.,[]
998,2016-09-29,00:01:46,Info,CBS,Expecting attribute name [HRESULT = 0x800f080d - CBS_E_MANIFEST_INVALID_ITEM],565f9069,Expecting attribute name [HRESULT = <*>- CBS_E_MANIFEST_INVALID_ITEM],['0x800f080d ']
999,2016-09-29,00:01:46,Info,CBS,Failed to get next element [HRESULT = 0x800f080d - CBS_E_MANIFEST_INVALID_ITEM],9c9f9113,Failed to get next element [HRESULT = <*>- CBS_E_MANIFEST_INVALID_ITEM],['0x800f080d ']
1000,2016-09-29,00:01:46,Info,CBS,Warning: Unrecognized packageExtended attribute.,39b783c8,Warning: Unrecognized packageExtended attribute.,[]
1001,2016-09-29,00:01:46,Info,CBS,Expecting attribute name [HRESULT = 0x800f080d - CBS_E_MANIFEST_INVALID_ITEM],565f9069,Expecting attribute name [HRESULT = <*>- CBS_E_MANIFEST_INVALID_ITEM],['0x800f080d ']
1002,2016-09-29,00:01:46,Info,CBS,Failed to get next element [HRESULT = 0x800f080d - CBS_E_MANIFEST_INVALID_ITEM],9c9f9113,Failed to get next element [HRESULT = <*>- CBS_E_MANIFEST_INVALID_ITEM],['0x800f080d ']
1003,2016-09-29,00:01:46,Info,CBS,Warning: Unrecognized packageExtended attribute.,39b783c8,Warning: Unrecognized packageExtended attribute.,[]
1004,2016-09-29,00:01:46,Info,CBS,Warning: Unrecognized packageExtended attribute.,39b783c8,Warning: Unrecognized packageExtended attribute.,[]
1005,2016-09-29,00:01:46,Info,CBS,Expecting attribute name [HRESULT = 0x800f080d - CBS_E_MANIFEST_INVALID_ITEM],565f9069,Expecting attribute name [HRESULT = <*>- CBS_E_MANIFEST_INVALID_ITEM],['0x800f080d ']
1006,2016-09-29,00:01:46,Info,CBS,Failed to get next element [HRESULT = 0x800f080d - CBS_E_MANIFEST_INVALID_ITEM],9c9f9113,Failed to get next element [HRESULT = <*>- CBS_E_MANIFEST_INVALID_ITEM],['0x800f080d ']
1007,2016-09-29,00:01:46,Info,CBS,Warning: Unrecognized packageExtended attribute.,39b783c8,Warning: Unrecognized packageExtended attribute.,[]
1008,2016-09-29,00:01:46,Info,CBS,Expecting attribute name [HRESULT = 0x800f080d - CBS_E_MANIFEST_INVALID_ITEM],565f9069,Expecting attribute name [HRESULT = <*>- CBS_E_MANIFEST_INVALID_ITEM],['0x800f080d ']
1009,2016-09-29,00:01:46,Info,CBS,Failed to get next element [HRESULT = 0x800f080d - CBS_E_MANIFEST_INVALID_ITEM],9c9f9113,Failed to get next element [HRESULT = <*>- CBS_E_MANIFEST_INVALID_ITEM],['0x800f080d ']
1010,2016-09-29,00:01:46,Info,CBS,Warning: Unrecognized packageExtended attribute.,39b783c8,Warning: Unrecognized packageExtended attribute.,[]
1011,2016-09-29,00:01:46,Info,CBS,Expecting attribute name [HRESULT = 0x800f080d - CBS_E_MANIFEST_INVALID_ITEM],565f9069,Expecting attribute name [HRESULT = <*>- CBS_E_MANIFEST_INVALID_ITEM],['0x800f080d ']
1012,2016-09-29,00:01:46,Info,CBS,Failed to get next element [HRESULT = 0x800f080d - CBS_E_MANIFEST_INVALID_ITEM],9c9f9113,Failed to get next element [HRESULT = <*>- CBS_E_MANIFEST_INVALID_ITEM],['0x800f080d ']
1013,2016-09-29,00:01:46,Info,CBS,Warning: Unrecognized packageExtended attribute.,39b783c8,Warning: Unrecognized packageExtended attribute.,[]
1014,2016-09-29,00:01:46,Info,CBS,Expecting attribute name [HRESULT = 0x800f080d - CBS_E_MANIFEST_INVALID_ITEM],565f9069,Expecting attribute name [HRESULT = <*>- CBS_E_MANIFEST_INVALID_ITEM],['0x800f080d ']
1015,2016-09-29,00:01:46,Info,CBS,Failed to get next element [HRESULT = 0x800f080d - CBS_E_MANIFEST_INVALID_ITEM],9c9f9113,Failed to get next element [HRESULT = <*>- CBS_E_MANIFEST_INVALID_ITEM],['0x800f080d ']
1016,2016-09-29,00:01:46,Info,CBS,Warning: Unrecognized packageExtended attribute.,39b783c8,Warning: Unrecognized packageExtended attribute.,[]
1017,2016-09-29,00:01:47,Info,CBS,Warning: Unrecognized packageExtended attribute.,39b783c8,Warning: Unrecognized packageExtended attribute.,[]
1018,2016-09-29,00:01:47,Info,CBS,Expecting attribute name [HRESULT = 0x800f080d - CBS_E_MANIFEST_INVALID_ITEM],565f9069,Expecting attribute name [HRESULT = <*>- CBS_E_MANIFEST_INVALID_ITEM],['0x800f080d ']
1019,2016-09-29,00:01:47,Info,CBS,Failed to get next element [HRESULT = 0x800f080d - CBS_E_MANIFEST_INVALID_ITEM],9c9f9113,Failed to get next element [HRESULT = <*>- CBS_E_MANIFEST_INVALID_ITEM],['0x800f080d ']
1020,2016-09-29,00:01:47,Info,CBS,Warning: Unrecognized packageExtended attribute.,39b783c8,Warning: Unrecognized packageExtended attribute.,[]
1021,2016-09-29,00:01:47,Info,CBS,Expecting attribute name [HRESULT = 0x800f080d - CBS_E_MANIFEST_INVALID_ITEM],565f9069,Expecting attribute name [HRESULT = <*>- CBS_E_MANIFEST_INVALID_ITEM],['0x800f080d ']
1022,2016-09-29,00:01:47,Info,CBS,Failed to get next element [HRESULT = 0x800f080d - CBS_E_MANIFEST_INVALID_ITEM],9c9f9113,Failed to get next element [HRESULT = <*>- CBS_E_MANIFEST_INVALID_ITEM],['0x800f080d ']
1023,2016-09-29,00:01:47,Info,CBS,Warning: Unrecognized packageExtended attribute.,39b783c8,Warning: Unrecognized packageExtended attribute.,[]
1024,2016-09-29,00:01:47,Info,CBS,Expecting attribute name [HRESULT = 0x800f080d - CBS_E_MANIFEST_INVALID_ITEM],565f9069,Expecting attribute name [HRESULT = <*>- CBS_E_MANIFEST_INVALID_ITEM],['0x800f080d ']
1025,2016-09-29,00:01:47,Info,CBS,Failed to get next element [HRESULT = 0x800f080d - CBS_E_MANIFEST_INVALID_ITEM],9c9f9113,Failed to get next element [HRESULT = <*>- CBS_E_MANIFEST_INVALID_ITEM],['0x800f080d ']
1026,2016-09-29,00:01:47,Info,CBS,Warning: Unrecognized packageExtended attribute.,39b783c8,Warning: Unrecognized packageExtended attribute.,[]
1027,2016-09-29,00:01:47,Info,CBS,Expecting attribute name [HRESULT = 0x800f080d - CBS_E_MANIFEST_INVALID_ITEM],565f9069,Expecting attribute name [HRESULT = <*>- CBS_E_MANIFEST_INVALID_ITEM],['0x800f080d ']
1028,2016-09-29,00:01:47,Info,CBS,Failed to get next element [HRESULT = 0x800f080d - CBS_E_MANIFEST_INVALID_ITEM],9c9f9113,Failed to get next element [HRESULT = <*>- CBS_E_MANIFEST_INVALID_ITEM],['0x800f080d ']
1029,2016-09-29,00:01:47,Info,CBS,Warning: Unrecognized packageExtended attribute.,39b783c8,Warning: Unrecognized packageExtended attribute.,[]
1030,2016-09-29,00:01:47,Info,CBS,Warning: Unrecognized packageExtended attribute.,39b783c8,Warning: Unrecognized packageExtended attribute.,[]
1031,2016-09-29,00:01:47,Info,CBS,Expecting attribute name [HRESULT = 0x800f080d - CBS_E_MANIFEST_INVALID_ITEM],565f9069,Expecting attribute name [HRESULT = <*>- CBS_E_MANIFEST_INVALID_ITEM],['0x800f080d ']
1032,2016-09-29,00:01:47,Info,CBS,Failed to get next element [HRESULT = 0x800f080d - CBS_E_MANIFEST_INVALID_ITEM],9c9f9113,Failed to get next element [HRESULT = <*>- CBS_E_MANIFEST_INVALID_ITEM],['0x800f080d ']
1033,2016-09-29,00:01:47,Info,CBS,Warning: Unrecognized packageExtended attribute.,39b783c8,Warning: Unrecognized packageExtended attribute.,[]
1034,2016-09-29,00:01:47,Info,CBS,Expecting attribute name [HRESULT = 0x800f080d - CBS_E_MANIFEST_INVALID_ITEM],565f9069,Expecting attribute name [HRESULT = <*>- CBS_E_MANIFEST_INVALID_ITEM],['0x800f080d ']
1035,2016-09-29,00:01:47,Info,CBS,Failed to get next element [HRESULT = 0x800f080d - CBS_E_MANIFEST_INVALID_ITEM],9c9f9113,Failed to get next element [HRESULT = <*>- CBS_E_MANIFEST_INVALID_ITEM],['0x800f080d ']
1036,2016-09-29,00:01:47,Info,CBS,Warning: Unrecognized packageExtended attribute.,39b783c8,Warning: Unrecognized packageExtended attribute.,[]
1037,2016-09-29,00:01:47,Info,CBS,Expecting attribute name [HRESULT = 0x800f080d - CBS_E_MANIFEST_INVALID_ITEM],565f9069,Expecting attribute name [HRESULT = <*>- CBS_E_MANIFEST_INVALID_ITEM],['0x800f080d ']
1038,2016-09-29,00:01:47,Info,CBS,Failed to get next element [HRESULT = 0x800f080d - CBS_E_MANIFEST_INVALID_ITEM],9c9f9113,Failed to get next element [HRESULT = <*>- CBS_E_MANIFEST_INVALID_ITEM],['0x800f080d ']
1039,2016-09-29,00:01:47,Info,CBS,Warning: Unrecognized packageExtended attribute.,39b783c8,Warning: Unrecognized packageExtended attribute.,[]
1040,2016-09-29,00:01:47,Info,CBS,Expecting attribute name [HRESULT = 0x800f080d - CBS_E_MANIFEST_INVALID_ITEM],565f9069,Expecting attribute name [HRESULT = <*>- CBS_E_MANIFEST_INVALID_ITEM],['0x800f080d ']
1041,2016-09-29,00:01:47,Info,CBS,Failed to get next element [HRESULT = 0x800f080d - CBS_E_MANIFEST_INVALID_ITEM],9c9f9113,Failed to get next element [HRESULT = <*>- CBS_E_MANIFEST_INVALID_ITEM],['0x800f080d ']
1042,2016-09-29,00:01:47,Info,CBS,Warning: Unrecognized packageExtended attribute.,39b783c8,Warning: Unrecognized packageExtended attribute.,[]
1043,2016-09-29,00:01:47,Info,CBS,Warning: Unrecognized packageExtended attribute.,39b783c8,Warning: Unrecognized packageExtended attribute.,[]
1044,2016-09-29,00:01:47,Info,CBS,Expecting attribute name [HRESULT = 0x800f080d - CBS_E_MANIFEST_INVALID_ITEM],565f9069,Expecting attribute name [HRESULT = <*>- CBS_E_MANIFEST_INVALID_ITEM],['0x800f080d ']
1045,2016-09-29,00:01:47,Info,CBS,Failed to get next element [HRESULT = 0x800f080d - CBS_E_MANIFEST_INVALID_ITEM],9c9f9113,Failed to get next element [HRESULT = <*>- CBS_E_MANIFEST_INVALID_ITEM],['0x800f080d ']
1046,2016-09-29,00:01:47,Info,CBS,Warning: Unrecognized packageExtended attribute.,39b783c8,Warning: Unrecognized packageExtended attribute.,[]
1047,2016-09-29,00:01:47,Info,CBS,Expecting attribute name [HRESULT = 0x800f080d - CBS_E_MANIFEST_INVALID_ITEM],565f9069,Expecting attribute name [HRESULT = <*>- CBS_E_MANIFEST_INVALID_ITEM],['0x800f080d ']
1048,2016-09-29,00:01:47,Info,CBS,Failed to get next element [HRESULT = 0x800f080d - CBS_E_MANIFEST_INVALID_ITEM],9c9f9113,Failed to get next element [HRESULT = <*>- CBS_E_MANIFEST_INVALID_ITEM],['0x800f080d ']
1049,2016-09-29,00:01:47,Info,CBS,Warning: Unrecognized packageExtended attribute.,39b783c8,Warning: Unrecognized packageExtended attribute.,[]
1050,2016-09-29,00:01:47,Info,CBS,Expecting attribute name [HRESULT = 0x800f080d - CBS_E_MANIFEST_INVALID_ITEM],565f9069,Expecting attribute name [HRESULT = <*>- CBS_E_MANIFEST_INVALID_ITEM],['0x800f080d ']
1051,2016-09-29,00:01:47,Info,CBS,Failed to get next element [HRESULT = 0x800f080d - CBS_E_MANIFEST_INVALID_ITEM],9c9f9113,Failed to get next element [HRESULT = <*>- CBS_E_MANIFEST_INVALID_ITEM],['0x800f080d ']
1052,2016-09-29,00:01:47,Info,CBS,Warning: Unrecognized packageExtended attribute.,39b783c8,Warning: Unrecognized packageExtended attribute.,[]
1053,2016-09-29,00:01:47,Info,CBS,Expecting attribute name [HRESULT = 0x800f080d - CBS_E_MANIFEST_INVALID_ITEM],565f9069,Expecting attribute name [HRESULT = <*>- CBS_E_MANIFEST_INVALID_ITEM],['0x800f080d ']
1054,2016-09-29,00:01:47,Info,CBS,Failed to get next element [HRESULT = 0x800f080d - CBS_E_MANIFEST_INVALID_ITEM],9c9f9113,Failed to get next element [HRESULT = <*>- CBS_E_MANIFEST_INVALID_ITEM],['0x800f080d ']
1055,2016-09-29,00:01:47,Info,CBS,Warning: Unrecognized packageExtended attribute.,39b783c8,Warning: Unrecognized packageExtended attribute.,[]
1056,2016-09-29,00:01:47,Info,CBS,Warning: Unrecognized packageExtended attribute.,39b783c8,Warning: Unrecognized packageExtended attribute.,[]
1057,2016-09-29,00:01:47,Info,CBS,Expecting attribute name [HRESULT = 0x800f080d - CBS_E_MANIFEST_INVALID_ITEM],565f9069,Expecting attribute name [HRESULT = <*>- CBS_E_MANIFEST_INVALID_ITEM],['0x800f080d ']
1058,2016-09-29,00:01:47,Info,CBS,Failed to get next element [HRESULT = 0x800f080d - CBS_E_MANIFEST_INVALID_ITEM],9c9f9113,Failed to get next element [HRESULT = <*>- CBS_E_MANIFEST_INVALID_ITEM],['0x800f080d ']
1059,2016-09-29,00:01:47,Info,CBS,Warning: Unrecognized packageExtended attribute.,39b783c8,Warning: Unrecognized packageExtended attribute.,[]
1060,2016-09-29,00:01:47,Info,CBS,Expecting attribute name [HRESULT = 0x800f080d - CBS_E_MANIFEST_INVALID_ITEM],565f9069,Expecting attribute name [HRESULT = <*>- CBS_E_MANIFEST_INVALID_ITEM],['0x800f080d ']
1061,2016-09-29,00:01:47,Info,CBS,Failed to get next element [HRESULT = 0x800f080d - CBS_E_MANIFEST_INVALID_ITEM],9c9f9113,Failed to get next element [HRESULT = <*>- CBS_E_MANIFEST_INVALID_ITEM],['0x800f080d ']
1062,2016-09-29,00:01:47,Info,CBS,Warning: Unrecognized packageExtended attribute.,39b783c8,Warning: Unrecognized packageExtended attribute.,[]
1063,2016-09-29,00:01:47,Info,CBS,Expecting attribute name [HRESULT = 0x800f080d - CBS_E_MANIFEST_INVALID_ITEM],565f9069,Expecting attribute name [HRESULT = <*>- CBS_E_MANIFEST_INVALID_ITEM],['0x800f080d ']
1064,2016-09-29,00:01:47,Info,CBS,Failed to get next element [HRESULT = 0x800f080d - CBS_E_MANIFEST_INVALID_ITEM],9c9f9113,Failed to get next element [HRESULT = <*>- CBS_E_MANIFEST_INVALID_ITEM],['0x800f080d ']
1065,2016-09-29,00:01:47,Info,CBS,Warning: Unrecognized packageExtended attribute.,39b783c8,Warning: Unrecognized packageExtended attribute.,[]
1066,2016-09-29,00:01:47,Info,CBS,Expecting attribute name [HRESULT = 0x800f080d - CBS_E_MANIFEST_INVALID_ITEM],565f9069,Expecting attribute name [HRESULT = <*>- CBS_E_MANIFEST_INVALID_ITEM],['0x800f080d ']
1067,2016-09-29,00:01:47,Info,CBS,Failed to get next element [HRESULT = 0x800f080d - CBS_E_MANIFEST_INVALID_ITEM],9c9f9113,Failed to get next element [HRESULT = <*>- CBS_E_MANIFEST_INVALID_ITEM],['0x800f080d ']
1068,2016-09-29,00:01:47,Info,CBS,Warning: Unrecognized packageExtended attribute.,39b783c8,Warning: Unrecognized packageExtended attribute.,[]
1069,2016-09-29,00:01:47,Info,CBS,Warning: Unrecognized packageExtended attribute.,39b783c8,Warning: Unrecognized packageExtended attribute.,[]
1070,2016-09-29,00:01:47,Info,CBS,Expecting attribute name [HRESULT = 0x800f080d - CBS_E_MANIFEST_INVALID_ITEM],565f9069,Expecting attribute name [HRESULT = <*>- CBS_E_MANIFEST_INVALID_ITEM],['0x800f080d ']
1071,2016-09-29,00:01:47,Info,CBS,Failed to get next element [HRESULT = 0x800f080d - CBS_E_MANIFEST_INVALID_ITEM],9c9f9113,Failed to get next element [HRESULT = <*>- CBS_E_MANIFEST_INVALID_ITEM],['0x800f080d ']
1072,2016-09-29,00:01:47,Info,CBS,Warning: Unrecognized packageExtended attribute.,39b783c8,Warning: Unrecognized packageExtended attribute.,[]
1073,2016-09-29,00:01:47,Info,CBS,Expecting attribute name [HRESULT = 0x800f080d - CBS_E_MANIFEST_INVALID_ITEM],565f9069,Expecting attribute name [HRESULT = <*>- CBS_E_MANIFEST_INVALID_ITEM],['0x800f080d ']
1074,2016-09-29,00:01:47,Info,CBS,Failed to get next element [HRESULT = 0x800f080d - CBS_E_MANIFEST_INVALID_ITEM],9c9f9113,Failed to get next element [HRESULT = <*>- CBS_E_MANIFEST_INVALID_ITEM],['0x800f080d ']
1075,2016-09-29,00:01:47,Info,CBS,Warning: Unrecognized packageExtended attribute.,39b783c8,Warning: Unrecognized packageExtended attribute.,[]
1076,2016-09-29,00:01:47,Info,CBS,Expecting attribute name [HRESULT = 0x800f080d - CBS_E_MANIFEST_INVALID_ITEM],565f9069,Expecting attribute name [HRESULT = <*>- CBS_E_MANIFEST_INVALID_ITEM],['0x800f080d ']
1077,2016-09-29,00:01:47,Info,CBS,Failed to get next element [HRESULT = 0x800f080d - CBS_E_MANIFEST_INVALID_ITEM],9c9f9113,Failed to get next element [HRESULT = <*>- CBS_E_MANIFEST_INVALID_ITEM],['0x800f080d ']
1078,2016-09-29,00:01:47,Info,CBS,Warning: Unrecognized packageExtended attribute.,39b783c8,Warning: Unrecognized packageExtended attribute.,[]
1079,2016-09-29,00:01:47,Info,CBS,Expecting attribute name [HRESULT = 0x800f080d - CBS_E_MANIFEST_INVALID_ITEM],565f9069,Expecting attribute name [HRESULT = <*>- CBS_E_MANIFEST_INVALID_ITEM],['0x800f080d ']
1080,2016-09-29,00:01:47,Info,CBS,Failed to get next element [HRESULT = 0x800f080d - CBS_E_MANIFEST_INVALID_ITEM],9c9f9113,Failed to get next element [HRESULT = <*>- CBS_E_MANIFEST_INVALID_ITEM],['0x800f080d ']
1081,2016-09-29,00:01:47,Info,CBS,Warning: Unrecognized packageExtended attribute.,39b783c8,Warning: Unrecognized packageExtended attribute.,[]
1082,2016-09-29,00:01:47,Info,CBS,Warning: Unrecognized packageExtended attribute.,39b783c8,Warning: Unrecognized packageExtended attribute.,[]
1083,2016-09-29,00:01:47,Info,CBS,Expecting attribute name [HRESULT = 0x800f080d - CBS_E_MANIFEST_INVALID_ITEM],565f9069,Expecting attribute name [HRESULT = <*>- CBS_E_MANIFEST_INVALID_ITEM],['0x800f080d ']
1084,2016-09-29,00:01:47,Info,CBS,Failed to get next element [HRESULT = 0x800f080d - CBS_E_MANIFEST_INVALID_ITEM],9c9f9113,Failed to get next element [HRESULT = <*>- CBS_E_MANIFEST_INVALID_ITEM],['0x800f080d ']
1085,2016-09-29,00:01:47,Info,CBS,Warning: Unrecognized packageExtended attribute.,39b783c8,Warning: Unrecognized packageExtended attribute.,[]
1086,2016-09-29,00:01:47,Info,CBS,Expecting attribute name [HRESULT = 0x800f080d - CBS_E_MANIFEST_INVALID_ITEM],565f9069,Expecting attribute name [HRESULT = <*>- CBS_E_MANIFEST_INVALID_ITEM],['0x800f080d ']
1087,2016-09-29,00:01:47,Info,CBS,Failed to get next element [HRESULT = 0x800f080d - CBS_E_MANIFEST_INVALID_ITEM],9c9f9113,Failed to get next element [HRESULT = <*>- CBS_E_MANIFEST_INVALID_ITEM],['0x800f080d ']
1088,2016-09-29,00:01:47,Info,CBS,Warning: Unrecognized packageExtended attribute.,39b783c8,Warning: Unrecognized packageExtended attribute.,[]
1089,2016-09-29,00:01:47,Info,CBS,Expecting attribute name [HRESULT = 0x800f080d - CBS_E_MANIFEST_INVALID_ITEM],565f9069,Expecting attribute name [HRESULT = <*>- CBS_E_MANIFEST_INVALID_ITEM],['0x800f080d ']
1090,2016-09-29,00:01:47,Info,CBS,Failed to get next element [HRESULT = 0x800f080d - CBS_E_MANIFEST_INVALID_ITEM],9c9f9113,Failed to get next element [HRESULT = <*>- CBS_E_MANIFEST_INVALID_ITEM],['0x800f080d ']
1091,2016-09-29,00:01:47,Info,CBS,Warning: Unrecognized packageExtended attribute.,39b783c8,Warning: Unrecognized packageExtended attribute.,[]
1092,2016-09-29,00:01:47,Info,CBS,Expecting attribute name [HRESULT = 0x800f080d - CBS_E_MANIFEST_INVALID_ITEM],565f9069,Expecting attribute name [HRESULT = <*>- CBS_E_MANIFEST_INVALID_ITEM],['0x800f080d ']
1093,2016-09-29,00:01:47,Info,CBS,Failed to get next element [HRESULT = 0x800f080d - CBS_E_MANIFEST_INVALID_ITEM],9c9f9113,Failed to get next element [HRESULT = <*>- CBS_E_MANIFEST_INVALID_ITEM],['0x800f080d ']
1094,2016-09-29,00:01:47,Info,CBS,Warning: Unrecognized packageExtended attribute.,39b783c8,Warning: Unrecognized packageExtended attribute.,[]
1095,2016-09-29,00:03:19,Info,CBS,Unloading offline registry hive: {bf1a281b-ad7b-4476-ac95-f47682990ce7}GLOBALROOT/Device/HarddiskVolumeShadowCopy2/Windows/System32/config/SOFTWARE,5c8bd3df,Unloading offline registry hive: <*>,['{bf1a281b-ad7b-4476-ac95-f47682990ce7}GLOBALROOT/Device/HarddiskVolumeShadowCopy2/Windows/System32/config/SOFTWARE']
1096,2016-09-29,00:03:19,Info,CBS,Unloading offline registry hive: {bf1a281b-ad7b-4476-ac95-f47682990ce7}GLOBALROOT/Device/HarddiskVolumeShadowCopy2/Windows/System32/config/SYSTEM,5c8bd3df,Unloading offline registry hive: <*>,['{bf1a281b-ad7b-4476-ac95-f47682990ce7}GLOBALROOT/Device/HarddiskVolumeShadowCopy2/Windows/System32/config/SYSTEM']
1097,2016-09-29,00:03:19,Info,CBS,Unloading offline registry hive: {bf1a281b-ad7b-4476-ac95-f47682990ce7}GLOBALROOT/Device/HarddiskVolumeShadowCopy2/Windows/System32/config/SECURITY,5c8bd3df,Unloading offline registry hive: <*>,['{bf1a281b-ad7b-4476-ac95-f47682990ce7}GLOBALROOT/Device/HarddiskVolumeShadowCopy2/Windows/System32/config/SECURITY']
1098,2016-09-29,00:03:19,Info,CBS,Unloading offline registry hive: {bf1a281b-ad7b-4476-ac95-f47682990ce7}GLOBALROOT/Device/HarddiskVolumeShadowCopy2/Windows/System32/config/SAM,5c8bd3df,Unloading offline registry hive: <*>,['{bf1a281b-ad7b-4476-ac95-f47682990ce7}GLOBALROOT/Device/HarddiskVolumeShadowCopy2/Windows/System32/config/SAM']
1099,2016-09-29,00:03:19,Info,CBS,Unloading offline registry hive: {bf1a281b-ad7b-4476-ac95-f47682990ce7}GLOBALROOT/Device/HarddiskVolumeShadowCopy2/Windows/System32/config/COMPONENTS,5c8bd3df,Unloading offline registry hive: <*>,['{bf1a281b-ad7b-4476-ac95-f47682990ce7}GLOBALROOT/Device/HarddiskVolumeShadowCopy2/Windows/System32/config/COMPONENTS']
1100,2016-09-29,00:03:19,Info,CBS,Unloading offline registry hive: {bf1a281b-ad7b-4476-ac95-f47682990ce7}GLOBALROOT/Device/HarddiskVolumeShadowCopy2/Windows/System32/config/DEFAULT,5c8bd3df,Unloading offline registry hive: <*>,['{bf1a281b-ad7b-4476-ac95-f47682990ce7}GLOBALROOT/Device/HarddiskVolumeShadowCopy2/Windows/System32/config/DEFAULT']
1101,2016-09-29,00:03:19,Info,CBS,Unloading offline registry hive: {bf1a281b-ad7b-4476-ac95-f47682990ce7}GLOBALROOT/Device/HarddiskVolumeShadowCopy2/Users/default/ntuser.dat,5c8bd3df,Unloading offline registry hive: <*>,['{bf1a281b-ad7b-4476-ac95-f47682990ce7}GLOBALROOT/Device/HarddiskVolumeShadowCopy2/Users/default/ntuser.dat']
1102,2016-09-29,00:03:19,Info,CBS,Unloading offline registry hive: {bf1a281b-ad7b-4476-ac95-f47682990ce7}GLOBALROOT/Device/HarddiskVolumeShadowCopy2/Windows/system32/smi/store/Machine/schema.dat,5c8bd3df,Unloading offline registry hive: <*>,['{bf1a281b-ad7b-4476-ac95-f47682990ce7}GLOBALROOT/Device/HarddiskVolumeShadowCopy2/Windows/system32/smi/store/Machine/schema.dat']
1103,2016-09-29,00:03:25,Info,CBS,Failed to create backup log cab. [HRESULT = 0x80070001 - ERROR_INVALID_FUNCTION],25d623ae,Failed to create backup log cab. [HRESULT = <*>- ERROR_INVALID_FUNCTION],['0x80070001 ']
1104,2016-09-29,02:03:46,Info,CSI,0000000b CSI Store 3065408 (0x00000000002ec640) initialized,adc049d6,<*> CSI Store <*> (<*>initialized,"['0000000b', '3065408', '0x00000000002ec640) ']"
1105,2016-09-29,02:03:46,Info,CBS,Session: 30546354_2823393669 initialized by client WindowsUpdateAgent.,08fb5d73,Session: <*> initialized by client WindowsUpdateAgent.,['30546354_2823393669']
1106,2016-09-29,02:03:46,Info,CBS,Session: 30546354_2824723745 initialized by client WindowsUpdateAgent.,08fb5d73,Session: <*> initialized by client WindowsUpdateAgent.,['30546354_2824723745']
1107,2016-09-29,02:03:46,Info,CBS,Warning: Unrecognized packageExtended attribute.,39b783c8,Warning: Unrecognized packageExtended attribute.,[]
1108,2016-09-29,02:03:46,Info,CBS,Expecting attribute name [HRESULT = 0x800f080d - CBS_E_MANIFEST_INVALID_ITEM],565f9069,Expecting attribute name [HRESULT = <*>- CBS_E_MANIFEST_INVALID_ITEM],['0x800f080d ']
1109,2016-09-29,02:03:46,Info,CBS,Failed to get next element [HRESULT = 0x800f080d - CBS_E_MANIFEST_INVALID_ITEM],9c9f9113,Failed to get next element [HRESULT = <*>- CBS_E_MANIFEST_INVALID_ITEM],['0x800f080d ']
1110,2016-09-29,02:03:46,Info,CBS,Warning: Unrecognized packageExtended attribute.,39b783c8,Warning: Unrecognized packageExtended attribute.,[]
1111,2016-09-29,02:03:46,Info,CBS,Expecting attribute name [HRESULT = 0x800f080d - CBS_E_MANIFEST_INVALID_ITEM],565f9069,Expecting attribute name [HRESULT = <*>- CBS_E_MANIFEST_INVALID_ITEM],['0x800f080d ']
1112,2016-09-29,02:03:46,Info,CBS,Failed to get next element [HRESULT = 0x800f080d - CBS_E_MANIFEST_INVALID_ITEM],9c9f9113,Failed to get next element [HRESULT = <*>- CBS_E_MANIFEST_INVALID_ITEM],['0x800f080d ']
1113,2016-09-29,02:03:46,Info,CBS,Warning: Unrecognized packageExtended attribute.,39b783c8,Warning: Unrecognized packageExtended attribute.,[]
1114,2016-09-29,02:03:46,Info,CBS,Expecting attribute name [HRESULT = 0x800f080d - CBS_E_MANIFEST_INVALID_ITEM],565f9069,Expecting attribute name [HRESULT = <*>- CBS_E_MANIFEST_INVALID_ITEM],['0x800f080d ']
1115,2016-09-29,02:03:46,Info,CBS,Failed to get next element [HRESULT = 0x800f080d - CBS_E_MANIFEST_INVALID_ITEM],9c9f9113,Failed to get next element [HRESULT = <*>- CBS_E_MANIFEST_INVALID_ITEM],['0x800f080d ']
1116,2016-09-29,02:03:46,Info,CBS,Warning: Unrecognized packageExtended attribute.,39b783c8,Warning: Unrecognized packageExtended attribute.,[]
1117,2016-09-29,02:03:46,Info,CBS,Expecting attribute name [HRESULT = 0x800f080d - CBS_E_MANIFEST_INVALID_ITEM],565f9069,Expecting attribute name [HRESULT = <*>- CBS_E_MANIFEST_INVALID_ITEM],['0x800f080d ']
1118,2016-09-29,02:03:46,Info,CBS,Failed to get next element [HRESULT = 0x800f080d - CBS_E_MANIFEST_INVALID_ITEM],9c9f9113,Failed to get next element [HRESULT = <*>- CBS_E_MANIFEST_INVALID_ITEM],['0x800f080d ']
1119,2016-09-29,02:03:46,Info,CBS,Warning: Unrecognized packageExtended attribute.,39b783c8,Warning: Unrecognized packageExtended attribute.,[]
1120,2016-09-29,02:03:46,Info,CBS,Warning: Unrecognized packageExtended attribute.,39b783c8,Warning: Unrecognized packageExtended attribute.,[]
1121,2016-09-29,02:03:46,Info,CBS,Expecting attribute name [HRESULT = 0x800f080d - CBS_E_MANIFEST_INVALID_ITEM],565f9069,Expecting attribute name [HRESULT = <*>- CBS_E_MANIFEST_INVALID_ITEM],['0x800f080d ']
1122,2016-09-29,02:03:46,Info,CBS,Failed to get next element [HRESULT = 0x800f080d - CBS_E_MANIFEST_INVALID_ITEM],9c9f9113,Failed to get next element [HRESULT = <*>- CBS_E_MANIFEST_INVALID_ITEM],['0x800f080d ']
1123,2016-09-29,02:03:46,Info,CBS,Warning: Unrecognized packageExtended attribute.,39b783c8,Warning: Unrecognized packageExtended attribute.,[]
1124,2016-09-29,02:03:46,Info,CBS,Expecting attribute name [HRESULT = 0x800f080d - CBS_E_MANIFEST_INVALID_ITEM],565f9069,Expecting attribute name [HRESULT = <*>- CBS_E_MANIFEST_INVALID_ITEM],['0x800f080d ']
1125,2016-09-29,02:03:46,Info,CBS,Failed to get next element [HRESULT = 0x800f080d - CBS_E_MANIFEST_INVALID_ITEM],9c9f9113,Failed to get next element [HRESULT = <*>- CBS_E_MANIFEST_INVALID_ITEM],['0x800f080d ']
1126,2016-09-29,02:03:46,Info,CBS,Warning: Unrecognized packageExtended attribute.,39b783c8,Warning: Unrecognized packageExtended attribute.,[]
1127,2016-09-29,02:03:46,Info,CBS,Expecting attribute name [HRESULT = 0x800f080d - CBS_E_MANIFEST_INVALID_ITEM],565f9069,Expecting attribute name [HRESULT = <*>- CBS_E_MANIFEST_INVALID_ITEM],['0x800f080d ']
1128,2016-09-29,02:03:46,Info,CBS,Failed to get next element [HRESULT = 0x800f080d - CBS_E_MANIFEST_INVALID_ITEM],9c9f9113,Failed to get next element [HRESULT = <*>- CBS_E_MANIFEST_INVALID_ITEM],['0x800f080d ']
1129,2016-09-29,02:03:46,Info,CBS,Warning: Unrecognized packageExtended attribute.,39b783c8,Warning: Unrecognized packageExtended attribute.,[]
1130,2016-09-29,02:03:46,Info,CBS,Expecting attribute name [HRESULT = 0x800f080d - CBS_E_MANIFEST_INVALID_ITEM],565f9069,Expecting attribute name [HRESULT = <*>- CBS_E_MANIFEST_INVALID_ITEM],['0x800f080d ']
1131,2016-09-29,02:03:46,Info,CBS,Failed to get next element [HRESULT = 0x800f080d - CBS_E_MANIFEST_INVALID_ITEM],9c9f9113,Failed to get next element [HRESULT = <*>- CBS_E_MANIFEST_INVALID_ITEM],['0x800f080d ']
1132,2016-09-29,02:03:46,Info,CBS,Warning: Unrecognized packageExtended attribute.,39b783c8,Warning: Unrecognized packageExtended attribute.,[]
1133,2016-09-29,02:03:46,Info,CBS,Warning: Unrecognized packageExtended attribute.,39b783c8,Warning: Unrecognized packageExtended attribute.,[]
1134,2016-09-29,02:03:46,Info,CBS,Expecting attribute name [HRESULT = 0x800f080d - CBS_E_MANIFEST_INVALID_ITEM],565f9069,Expecting attribute name [HRESULT = <*>- CBS_E_MANIFEST_INVALID_ITEM],['0x800f080d ']
1135,2016-09-29,02:03:46,Info,CBS,Failed to get next element [HRESULT = 0x800f080d - CBS_E_MANIFEST_INVALID_ITEM],9c9f9113,Failed to get next element [HRESULT = <*>- CBS_E_MANIFEST_INVALID_ITEM],['0x800f080d ']
1136,2016-09-29,02:03:46,Info,CBS,Warning: Unrecognized packageExtended attribute.,39b783c8,Warning: Unrecognized packageExtended attribute.,[]
1137,2016-09-29,02:03:46,Info,CBS,Expecting attribute name [HRESULT = 0x800f080d - CBS_E_MANIFEST_INVALID_ITEM],565f9069,Expecting attribute name [HRESULT = <*>- CBS_E_MANIFEST_INVALID_ITEM],['0x800f080d ']
1138,2016-09-29,02:03:46,Info,CBS,Failed to get next element [HRESULT = 0x800f080d - CBS_E_MANIFEST_INVALID_ITEM],9c9f9113,Failed to get next element [HRESULT = <*>- CBS_E_MANIFEST_INVALID_ITEM],['0x800f080d ']
1139,2016-09-29,02:03:46,Info,CBS,Warning: Unrecognized packageExtended attribute.,39b783c8,Warning: Unrecognized packageExtended attribute.,[]
1140,2016-09-29,02:03:46,Info,CBS,Expecting attribute name [HRESULT = 0x800f080d - CBS_E_MANIFEST_INVALID_ITEM],565f9069,Expecting attribute name [HRESULT = <*>- CBS_E_MANIFEST_INVALID_ITEM],['0x800f080d ']
1141,2016-09-29,02:03:46,Info,CBS,Failed to get next element [HRESULT = 0x800f080d - CBS_E_MANIFEST_INVALID_ITEM],9c9f9113,Failed to get next element [HRESULT = <*>- CBS_E_MANIFEST_INVALID_ITEM],['0x800f080d ']
1142,2016-09-29,02:03:46,Info,CBS,Warning: Unrecognized packageExtended attribute.,39b783c8,Warning: Unrecognized packageExtended attribute.,[]
1143,2016-09-29,02:03:46,Info,CBS,Expecting attribute name [HRESULT = 0x800f080d - CBS_E_MANIFEST_INVALID_ITEM],565f9069,Expecting attribute name [HRESULT = <*>- CBS_E_MANIFEST_INVALID_ITEM],['0x800f080d ']
1144,2016-09-29,02:03:46,Info,CBS,Failed to get next element [HRESULT = 0x800f080d - CBS_E_MANIFEST_INVALID_ITEM],9c9f9113,Failed to get next element [HRESULT = <*>- CBS_E_MANIFEST_INVALID_ITEM],['0x800f080d ']
1145,2016-09-29,02:03:46,Info,CBS,Warning: Unrecognized packageExtended attribute.,39b783c8,Warning: Unrecognized packageExtended attribute.,[]
1146,2016-09-29,02:03:46,Info,CBS,Warning: Unrecognized packageExtended attribute.,39b783c8,Warning: Unrecognized packageExtended attribute.,[]
1147,2016-09-29,02:03:46,Info,CBS,Expecting attribute name [HRESULT = 0x800f080d - CBS_E_MANIFEST_INVALID_ITEM],565f9069,Expecting attribute name [HRESULT = <*>- CBS_E_MANIFEST_INVALID_ITEM],['0x800f080d ']
1148,2016-09-29,02:03:46,Info,CBS,Failed to get next element [HRESULT = 0x800f080d - CBS_E_MANIFEST_INVALID_ITEM],9c9f9113,Failed to get next element [HRESULT = <*>- CBS_E_MANIFEST_INVALID_ITEM],['0x800f080d ']
1149,2016-09-29,02:03:46,Info,CBS,Warning: Unrecognized packageExtended attribute.,39b783c8,Warning: Unrecognized packageExtended attribute.,[]
1150,2016-09-29,02:03:46,Info,CBS,Expecting attribute name [HRESULT = 0x800f080d - CBS_E_MANIFEST_INVALID_ITEM],565f9069,Expecting attribute name [HRESULT = <*>- CBS_E_MANIFEST_INVALID_ITEM],['0x800f080d ']
1151,2016-09-29,02:03:46,Info,CBS,Failed to get next element [HRESULT = 0x800f080d - CBS_E_MANIFEST_INVALID_ITEM],9c9f9113,Failed to get next element [HRESULT = <*>- CBS_E_MANIFEST_INVALID_ITEM],['0x800f080d ']
1152,2016-09-29,02:03:46,Info,CBS,Warning: Unrecognized packageExtended attribute.,39b783c8,Warning: Unrecognized packageExtended attribute.,[]
1153,2016-09-29,02:03:46,Info,CBS,Expecting attribute name [HRESULT = 0x800f080d - CBS_E_MANIFEST_INVALID_ITEM],565f9069,Expecting attribute name [HRESULT = <*>- CBS_E_MANIFEST_INVALID_ITEM],['0x800f080d ']
1154,2016-09-29,02:03:46,Info,CBS,Failed to get next element [HRESULT = 0x800f080d - CBS_E_MANIFEST_INVALID_ITEM],9c9f9113,Failed to get next element [HRESULT = <*>- CBS_E_MANIFEST_INVALID_ITEM],['0x800f080d ']
1155,2016-09-29,02:03:46,Info,CBS,Warning: Unrecognized packageExtended attribute.,39b783c8,Warning: Unrecognized packageExtended attribute.,[]
1156,2016-09-29,02:03:46,Info,CBS,Expecting attribute name [HRESULT = 0x800f080d - CBS_E_MANIFEST_INVALID_ITEM],565f9069,Expecting attribute name [HRESULT = <*>- CBS_E_MANIFEST_INVALID_ITEM],['0x800f080d ']
1157,2016-09-29,02:03:46,Info,CBS,Failed to get next element [HRESULT = 0x800f080d - CBS_E_MANIFEST_INVALID_ITEM],9c9f9113,Failed to get next element [HRESULT = <*>- CBS_E_MANIFEST_INVALID_ITEM],['0x800f080d ']
1158,2016-09-29,02:03:46,Info,CBS,Warning: Unrecognized packageExtended attribute.,39b783c8,Warning: Unrecognized packageExtended attribute.,[]
1159,2016-09-29,02:03:46,Info,CBS,Warning: Unrecognized packageExtended attribute.,39b783c8,Warning: Unrecognized packageExtended attribute.,[]
1160,2016-09-29,02:03:46,Info,CBS,Expecting attribute name [HRESULT = 0x800f080d - CBS_E_MANIFEST_INVALID_ITEM],565f9069,Expecting attribute name [HRESULT = <*>- CBS_E_MANIFEST_INVALID_ITEM],['0x800f080d ']
1161,2016-09-29,02:03:46,Info,CBS,Failed to get next element [HRESULT = 0x800f080d - CBS_E_MANIFEST_INVALID_ITEM],9c9f9113,Failed to get next element [HRESULT = <*>- CBS_E_MANIFEST_INVALID_ITEM],['0x800f080d ']
1162,2016-09-29,02:03:46,Info,CBS,Warning: Unrecognized packageExtended attribute.,39b783c8,Warning: Unrecognized packageExtended attribute.,[]
1163,2016-09-29,02:03:46,Info,CBS,Expecting attribute name [HRESULT = 0x800f080d - CBS_E_MANIFEST_INVALID_ITEM],565f9069,Expecting attribute name [HRESULT = <*>- CBS_E_MANIFEST_INVALID_ITEM],['0x800f080d ']
1164,2016-09-29,02:03:46,Info,CBS,Failed to get next element [HRESULT = 0x800f080d - CBS_E_MANIFEST_INVALID_ITEM],9c9f9113,Failed to get next element [HRESULT = <*>- CBS_E_MANIFEST_INVALID_ITEM],['0x800f080d ']
1165,2016-09-29,02:03:46,Info,CBS,Warning: Unrecognized packageExtended attribute.,39b783c8,Warning: Unrecognized packageExtended attribute.,[]
1166,2016-09-29,02:03:46,Info,CBS,Expecting attribute name [HRESULT = 0x800f080d - CBS_E_MANIFEST_INVALID_ITEM],565f9069,Expecting attribute name [HRESULT = <*>- CBS_E_MANIFEST_INVALID_ITEM],['0x800f080d ']
1167,2016-09-29,02:03:46,Info,CBS,Failed to get next element [HRESULT = 0x800f080d - CBS_E_MANIFEST_INVALID_ITEM],9c9f9113,Failed to get next element [HRESULT = <*>- CBS_E_MANIFEST_INVALID_ITEM],['0x800f080d ']
1168,2016-09-29,02:03:46,Info,CBS,Warning: Unrecognized packageExtended attribute.,39b783c8,Warning: Unrecognized packageExtended attribute.,[]
1169,2016-09-29,02:03:46,Info,CBS,Expecting attribute name [HRESULT = 0x800f080d - CBS_E_MANIFEST_INVALID_ITEM],565f9069,Expecting attribute name [HRESULT = <*>- CBS_E_MANIFEST_INVALID_ITEM],['0x800f080d ']
1170,2016-09-29,02:03:46,Info,CBS,Failed to get next element [HRESULT = 0x800f080d - CBS_E_MANIFEST_INVALID_ITEM],9c9f9113,Failed to get next element [HRESULT = <*>- CBS_E_MANIFEST_INVALID_ITEM],['0x800f080d ']
1171,2016-09-29,02:03:46,Info,CBS,Warning: Unrecognized packageExtended attribute.,39b783c8,Warning: Unrecognized packageExtended attribute.,[]
1172,2016-09-29,02:03:46,Info,CBS,Warning: Unrecognized packageExtended attribute.,39b783c8,Warning: Unrecognized packageExtended attribute.,[]
1173,2016-09-29,02:03:46,Info,CBS,Expecting attribute name [HRESULT = 0x800f080d - CBS_E_MANIFEST_INVALID_ITEM],565f9069,Expecting attribute name [HRESULT = <*>- CBS_E_MANIFEST_INVALID_ITEM],['0x800f080d ']
1174,2016-09-29,02:03:46,Info,CBS,Failed to get next element [HRESULT = 0x800f080d - CBS_E_MANIFEST_INVALID_ITEM],9c9f9113,Failed to get next element [HRESULT = <*>- CBS_E_MANIFEST_INVALID_ITEM],['0x800f080d ']
1175,2016-09-29,02:03:46,Info,CBS,Warning: Unrecognized packageExtended attribute.,39b783c8,Warning: Unrecognized packageExtended attribute.,[]
1176,2016-09-29,02:03:46,Info,CBS,Expecting attribute name [HRESULT = 0x800f080d - CBS_E_MANIFEST_INVALID_ITEM],565f9069,Expecting attribute name [HRESULT = <*>- CBS_E_MANIFEST_INVALID_ITEM],['0x800f080d ']
1177,2016-09-29,02:03:46,Info,CBS,Failed to get next element [HRESULT = 0x800f080d - CBS_E_MANIFEST_INVALID_ITEM],9c9f9113,Failed to get next element [HRESULT = <*>- CBS_E_MANIFEST_INVALID_ITEM],['0x800f080d ']
1178,2016-09-29,02:03:46,Info,CBS,Warning: Unrecognized packageExtended attribute.,39b783c8,Warning: Unrecognized packageExtended attribute.,[]
1179,2016-09-29,02:03:46,Info,CBS,Expecting attribute name [HRESULT = 0x800f080d - CBS_E_MANIFEST_INVALID_ITEM],565f9069,Expecting attribute name [HRESULT = <*>- CBS_E_MANIFEST_INVALID_ITEM],['0x800f080d ']
1180,2016-09-29,02:03:46,Info,CBS,Failed to get next element [HRESULT = 0x800f080d - CBS_E_MANIFEST_INVALID_ITEM],9c9f9113,Failed to get next element [HRESULT = <*>- CBS_E_MANIFEST_INVALID_ITEM],['0x800f080d ']
1181,2016-09-29,02:03:46,Info,CBS,Warning: Unrecognized packageExtended attribute.,39b783c8,Warning: Unrecognized packageExtended attribute.,[]
1182,2016-09-29,02:03:46,Info,CBS,Expecting attribute name [HRESULT = 0x800f080d - CBS_E_MANIFEST_INVALID_ITEM],565f9069,Expecting attribute name [HRESULT = <*>- CBS_E_MANIFEST_INVALID_ITEM],['0x800f080d ']
1183,2016-09-29,02:03:46,Info,CBS,Failed to get next element [HRESULT = 0x800f080d - CBS_E_MANIFEST_INVALID_ITEM],9c9f9113,Failed to get next element [HRESULT = <*>- CBS_E_MANIFEST_INVALID_ITEM],['0x800f080d ']
1184,2016-09-29,02:03:46,Info,CBS,Warning: Unrecognized packageExtended attribute.,39b783c8,Warning: Unrecognized packageExtended attribute.,[]
1185,2016-09-29,02:03:46,Info,CBS,Warning: Unrecognized packageExtended attribute.,39b783c8,Warning: Unrecognized packageExtended attribute.,[]
1186,2016-09-29,02:03:46,Info,CBS,Expecting attribute name [HRESULT = 0x800f080d - CBS_E_MANIFEST_INVALID_ITEM],565f9069,Expecting attribute name [HRESULT = <*>- CBS_E_MANIFEST_INVALID_ITEM],['0x800f080d ']
1187,2016-09-29,02:03:46,Info,CBS,Failed to get next element [HRESULT = 0x800f080d - CBS_E_MANIFEST_INVALID_ITEM],9c9f9113,Failed to get next element [HRESULT = <*>- CBS_E_MANIFEST_INVALID_ITEM],['0x800f080d ']
1188,2016-09-29,02:03:46,Info,CBS,Warning: Unrecognized packageExtended attribute.,39b783c8,Warning: Unrecognized packageExtended attribute.,[]
1189,2016-09-29,02:03:46,Info,CBS,Expecting attribute name [HRESULT = 0x800f080d - CBS_E_MANIFEST_INVALID_ITEM],565f9069,Expecting attribute name [HRESULT = <*>- CBS_E_MANIFEST_INVALID_ITEM],['0x800f080d ']
1190,2016-09-29,02:03:46,Info,CBS,Failed to get next element [HRESULT = 0x800f080d - CBS_E_MANIFEST_INVALID_ITEM],9c9f9113,Failed to get next element [HRESULT = <*>- CBS_E_MANIFEST_INVALID_ITEM],['0x800f080d ']
1191,2016-09-29,02:03:46,Info,CBS,Warning: Unrecognized packageExtended attribute.,39b783c8,Warning: Unrecognized packageExtended attribute.,[]
1192,2016-09-29,02:03:46,Info,CBS,Expecting attribute name [HRESULT = 0x800f080d - CBS_E_MANIFEST_INVALID_ITEM],565f9069,Expecting attribute name [HRESULT = <*>- CBS_E_MANIFEST_INVALID_ITEM],['0x800f080d ']
1193,2016-09-29,02:03:46,Info,CBS,Failed to get next element [HRESULT = 0x800f080d - CBS_E_MANIFEST_INVALID_ITEM],9c9f9113,Failed to get next element [HRESULT = <*>- CBS_E_MANIFEST_INVALID_ITEM],['0x800f080d ']
1194,2016-09-29,02:03:46,Info,CBS,Warning: Unrecognized packageExtended attribute.,39b783c8,Warning: Unrecognized packageExtended attribute.,[]
1195,2016-09-29,02:03:46,Info,CBS,Expecting attribute name [HRESULT = 0x800f080d - CBS_E_MANIFEST_INVALID_ITEM],565f9069,Expecting attribute name [HRESULT = <*>- CBS_E_MANIFEST_INVALID_ITEM],['0x800f080d ']
1196,2016-09-29,02:03:46,Info,CBS,Failed to get next element [HRESULT = 0x800f080d - CBS_E_MANIFEST_INVALID_ITEM],9c9f9113,Failed to get next element [HRESULT = <*>- CBS_E_MANIFEST_INVALID_ITEM],['0x800f080d ']
1197,2016-09-29,02:03:46,Info,CBS,Warning: Unrecognized packageExtended attribute.,39b783c8,Warning: Unrecognized packageExtended attribute.,[]
1198,2016-09-29,02:03:46,Info,CBS,Warning: Unrecognized packageExtended attribute.,39b783c8,Warning: Unrecognized packageExtended attribute.,[]
1199,2016-09-29,02:03:46,Info,CBS,Expecting attribute name [HRESULT = 0x800f080d - CBS_E_MANIFEST_INVALID_ITEM],565f9069,Expecting attribute name [HRESULT = <*>- CBS_E_MANIFEST_INVALID_ITEM],['0x800f080d ']
1200,2016-09-29,02:03:46,Info,CBS,Failed to get next element [HRESULT = 0x800f080d - CBS_E_MANIFEST_INVALID_ITEM],9c9f9113,Failed to get next element [HRESULT = <*>- CBS_E_MANIFEST_INVALID_ITEM],['0x800f080d ']
1201,2016-09-29,02:03:46,Info,CBS,Warning: Unrecognized packageExtended attribute.,39b783c8,Warning: Unrecognized packageExtended attribute.,[]
1202,2016-09-29,02:03:46,Info,CBS,Expecting attribute name [HRESULT = 0x800f080d - CBS_E_MANIFEST_INVALID_ITEM],565f9069,Expecting attribute name [HRESULT = <*>- CBS_E_MANIFEST_INVALID_ITEM],['0x800f080d ']
1203,2016-09-29,02:03:46,Info,CBS,Failed to get next element [HRESULT = 0x800f080d - CBS_E_MANIFEST_INVALID_ITEM],9c9f9113,Failed to get next element [HRESULT = <*>- CBS_E_MANIFEST_INVALID_ITEM],['0x800f080d ']
1204,2016-09-29,02:03:46,Info,CBS,Warning: Unrecognized packageExtended attribute.,39b783c8,Warning: Unrecognized packageExtended attribute.,[]
1205,2016-09-29,02:03:46,Info,CBS,Expecting attribute name [HRESULT = 0x800f080d - CBS_E_MANIFEST_INVALID_ITEM],565f9069,Expecting attribute name [HRESULT = <*>- CBS_E_MANIFEST_INVALID_ITEM],['0x800f080d ']
1206,2016-09-29,02:03:46,Info,CBS,Failed to get next element [HRESULT = 0x800f080d - CBS_E_MANIFEST_INVALID_ITEM],9c9f9113,Failed to get next element [HRESULT = <*>- CBS_E_MANIFEST_INVALID_ITEM],['0x800f080d ']
1207,2016-09-29,02:03:46,Info,CBS,Warning: Unrecognized packageExtended attribute.,39b783c8,Warning: Unrecognized packageExtended attribute.,[]
1208,2016-09-29,02:03:46,Info,CBS,Expecting attribute name [HRESULT = 0x800f080d - CBS_E_MANIFEST_INVALID_ITEM],565f9069,Expecting attribute name [HRESULT = <*>- CBS_E_MANIFEST_INVALID_ITEM],['0x800f080d ']
1209,2016-09-29,02:03:46,Info,CBS,Failed to get next element [HRESULT = 0x800f080d - CBS_E_MANIFEST_INVALID_ITEM],9c9f9113,Failed to get next element [HRESULT = <*>- CBS_E_MANIFEST_INVALID_ITEM],['0x800f080d ']
1210,2016-09-29,02:03:46,Info,CBS,Warning: Unrecognized packageExtended attribute.,39b783c8,Warning: Unrecognized packageExtended attribute.,[]
1211,2016-09-29,02:03:47,Info,CBS,Session: 30546354_2830724089 initialized by client WindowsUpdateAgent.,08fb5d73,Session: <*> initialized by client WindowsUpdateAgent.,['30546354_2830724089']
1212,2016-09-29,02:03:47,Info,CBS,Failed to internally open package. [HRESULT = 0x800f0805 - CBS_E_INVALID_PACKAGE],39c8b4cc,Failed to internally open package. [HRESULT = <*>- CBS_E_INVALID_PACKAGE],['0x800f0805 ']
1213,2016-09-29,02:03:47,Info,CBS,Session: 30546354_2833204231 initialized by client WindowsUpdateAgent.,08fb5d73,Session: <*> initialized by client WindowsUpdateAgent.,['30546354_2833204231']
1214,2016-09-29,02:03:48,Info,CBS,Session: 30546354_2839784607 initialized by client WindowsUpdateAgent.,08fb5d73,Session: <*> initialized by client WindowsUpdateAgent.,['30546354_2839784607']
1215,2016-09-29,02:03:48,Info,CBS,Warning: Unrecognized packageExtended attribute.,39b783c8,Warning: Unrecognized packageExtended attribute.,[]
1216,2016-09-29,02:03:48,Info,CBS,Expecting attribute name [HRESULT = 0x800f080d - CBS_E_MANIFEST_INVALID_ITEM],565f9069,Expecting attribute name [HRESULT = <*>- CBS_E_MANIFEST_INVALID_ITEM],['0x800f080d ']
1217,2016-09-29,02:03:48,Info,CBS,Failed to get next element [HRESULT = 0x800f080d - CBS_E_MANIFEST_INVALID_ITEM],9c9f9113,Failed to get next element [HRESULT = <*>- CBS_E_MANIFEST_INVALID_ITEM],['0x800f080d ']
1218,2016-09-29,02:03:48,Info,CBS,Warning: Unrecognized packageExtended attribute.,39b783c8,Warning: Unrecognized packageExtended attribute.,[]
1219,2016-09-29,02:03:48,Info,CBS,Expecting attribute name [HRESULT = 0x800f080d - CBS_E_MANIFEST_INVALID_ITEM],565f9069,Expecting attribute name [HRESULT = <*>- CBS_E_MANIFEST_INVALID_ITEM],['0x800f080d ']
1220,2016-09-29,02:03:48,Info,CBS,Failed to get next element [HRESULT = 0x800f080d - CBS_E_MANIFEST_INVALID_ITEM],9c9f9113,Failed to get next element [HRESULT = <*>- CBS_E_MANIFEST_INVALID_ITEM],['0x800f080d ']
1221,2016-09-29,02:03:48,Info,CBS,Warning: Unrecognized packageExtended attribute.,39b783c8,Warning: Unrecognized packageExtended attribute.,[]
1222,2016-09-29,02:03:48,Info,CBS,Expecting attribute name [HRESULT = 0x800f080d - CBS_E_MANIFEST_INVALID_ITEM],565f9069,Expecting attribute name [HRESULT = <*>- CBS_E_MANIFEST_INVALID_ITEM],['0x800f080d ']
1223,2016-09-29,02:03:48,Info,CBS,Failed to get next element [HRESULT = 0x800f080d - CBS_E_MANIFEST_INVALID_ITEM],9c9f9113,Failed to get next element [HRESULT = <*>- CBS_E_MANIFEST_INVALID_ITEM],['0x800f080d ']
1224,2016-09-29,02:03:48,Info,CBS,Warning: Unrecognized packageExtended attribute.,39b783c8,Warning: Unrecognized packageExtended attribute.,[]
1225,2016-09-29,02:03:48,Info,CBS,Expecting attribute name [HRESULT = 0x800f080d - CBS_E_MANIFEST_INVALID_ITEM],565f9069,Expecting attribute name [HRESULT = <*>- CBS_E_MANIFEST_INVALID_ITEM],['0x800f080d ']
1226,2016-09-29,02:03:48,Info,CBS,Failed to get next element [HRESULT = 0x800f080d - CBS_E_MANIFEST_INVALID_ITEM],9c9f9113,Failed to get next element [HRESULT = <*>- CBS_E_MANIFEST_INVALID_ITEM],['0x800f080d ']
1227,2016-09-29,02:03:48,Info,CBS,Warning: Unrecognized packageExtended attribute.,39b783c8,Warning: Unrecognized packageExtended attribute.,[]
1228,2016-09-29,02:03:48,Info,CBS,Warning: Unrecognized packageExtended attribute.,39b783c8,Warning: Unrecognized packageExtended attribute.,[]
1229,2016-09-29,02:03:48,Info,CBS,Expecting attribute name [HRESULT = 0x800f080d - CBS_E_MANIFEST_INVALID_ITEM],565f9069,Expecting attribute name [HRESULT = <*>- CBS_E_MANIFEST_INVALID_ITEM],['0x800f080d ']
1230,2016-09-29,02:03:48,Info,CBS,Failed to get next element [HRESULT = 0x800f080d - CBS_E_MANIFEST_INVALID_ITEM],9c9f9113,Failed to get next element [HRESULT = <*>- CBS_E_MANIFEST_INVALID_ITEM],['0x800f080d ']
1231,2016-09-29,02:03:48,Info,CBS,Warning: Unrecognized packageExtended attribute.,39b783c8,Warning: Unrecognized packageExtended attribute.,[]
1232,2016-09-29,02:03:48,Info,CBS,Expecting attribute name [HRESULT = 0x800f080d - CBS_E_MANIFEST_INVALID_ITEM],565f9069,Expecting attribute name [HRESULT = <*>- CBS_E_MANIFEST_INVALID_ITEM],['0x800f080d ']
1233,2016-09-29,02:03:48,Info,CBS,Failed to get next element [HRESULT = 0x800f080d - CBS_E_MANIFEST_INVALID_ITEM],9c9f9113,Failed to get next element [HRESULT = <*>- CBS_E_MANIFEST_INVALID_ITEM],['0x800f080d ']
1234,2016-09-29,02:03:48,Info,CBS,Warning: Unrecognized packageExtended attribute.,39b783c8,Warning: Unrecognized packageExtended attribute.,[]
1235,2016-09-29,02:03:48,Info,CBS,Expecting attribute name [HRESULT = 0x800f080d - CBS_E_MANIFEST_INVALID_ITEM],565f9069,Expecting attribute name [HRESULT = <*>- CBS_E_MANIFEST_INVALID_ITEM],['0x800f080d ']
1236,2016-09-29,02:03:48,Info,CBS,Failed to get next element [HRESULT = 0x800f080d - CBS_E_MANIFEST_INVALID_ITEM],9c9f9113,Failed to get next element [HRESULT = <*>- CBS_E_MANIFEST_INVALID_ITEM],['0x800f080d ']
1237,2016-09-29,02:03:48,Info,CBS,Warning: Unrecognized packageExtended attribute.,39b783c8,Warning: Unrecognized packageExtended attribute.,[]
1238,2016-09-29,02:03:48,Info,CBS,Expecting attribute name [HRESULT = 0x800f080d - CBS_E_MANIFEST_INVALID_ITEM],565f9069,Expecting attribute name [HRESULT = <*>- CBS_E_MANIFEST_INVALID_ITEM],['0x800f080d ']
1239,2016-09-29,02:03:48,Info,CBS,Failed to get next element [HRESULT = 0x800f080d - CBS_E_MANIFEST_INVALID_ITEM],9c9f9113,Failed to get next element [HRESULT = <*>- CBS_E_MANIFEST_INVALID_ITEM],['0x800f080d ']
1240,2016-09-29,02:03:48,Info,CBS,Warning: Unrecognized packageExtended attribute.,39b783c8,Warning: Unrecognized packageExtended attribute.,[]
1241,2016-09-29,02:03:48,Info,CBS,Warning: Unrecognized packageExtended attribute.,39b783c8,Warning: Unrecognized packageExtended attribute.,[]
1242,2016-09-29,02:03:48,Info,CBS,Expecting attribute name [HRESULT = 0x800f080d - CBS_E_MANIFEST_INVALID_ITEM],565f9069,Expecting attribute name [HRESULT = <*>- CBS_E_MANIFEST_INVALID_ITEM],['0x800f080d ']
1243,2016-09-29,02:03:48,Info,CBS,Failed to get next element [HRESULT = 0x800f080d - CBS_E_MANIFEST_INVALID_ITEM],9c9f9113,Failed to get next element [HRESULT = <*>- CBS_E_MANIFEST_INVALID_ITEM],['0x800f080d ']
1244,2016-09-29,02:03:48,Info,CBS,Warning: Unrecognized packageExtended attribute.,39b783c8,Warning: Unrecognized packageExtended attribute.,[]
1245,2016-09-29,02:03:48,Info,CBS,Expecting attribute name [HRESULT = 0x800f080d - CBS_E_MANIFEST_INVALID_ITEM],565f9069,Expecting attribute name [HRESULT = <*>- CBS_E_MANIFEST_INVALID_ITEM],['0x800f080d ']
1246,2016-09-29,02:03:48,Info,CBS,Failed to get next element [HRESULT = 0x800f080d - CBS_E_MANIFEST_INVALID_ITEM],9c9f9113,Failed to get next element [HRESULT = <*>- CBS_E_MANIFEST_INVALID_ITEM],['0x800f080d ']
1247,2016-09-29,02:03:48,Info,CBS,Warning: Unrecognized packageExtended attribute.,39b783c8,Warning: Unrecognized packageExtended attribute.,[]
1248,2016-09-29,02:03:48,Info,CBS,Expecting attribute name [HRESULT = 0x800f080d - CBS_E_MANIFEST_INVALID_ITEM],565f9069,Expecting attribute name [HRESULT = <*>- CBS_E_MANIFEST_INVALID_ITEM],['0x800f080d ']
1249,2016-09-29,02:03:48,Info,CBS,Failed to get next element [HRESULT = 0x800f080d - CBS_E_MANIFEST_INVALID_ITEM],9c9f9113,Failed to get next element [HRESULT = <*>- CBS_E_MANIFEST_INVALID_ITEM],['0x800f080d ']
1250,2016-09-29,02:03:48,Info,CBS,Warning: Unrecognized packageExtended attribute.,39b783c8,Warning: Unrecognized packageExtended attribute.,[]
1251,2016-09-29,02:03:48,Info,CBS,Expecting attribute name [HRESULT = 0x800f080d - CBS_E_MANIFEST_INVALID_ITEM],565f9069,Expecting attribute name [HRESULT = <*>- CBS_E_MANIFEST_INVALID_ITEM],['0x800f080d ']
1252,2016-09-29,02:03:48,Info,CBS,Failed to get next element [HRESULT = 0x800f080d - CBS_E_MANIFEST_INVALID_ITEM],9c9f9113,Failed to get next element [HRESULT = <*>- CBS_E_MANIFEST_INVALID_ITEM],['0x800f080d ']
1253,2016-09-29,02:03:48,Info,CBS,Warning: Unrecognized packageExtended attribute.,39b783c8,Warning: Unrecognized packageExtended attribute.,[]
1254,2016-09-29,02:03:48,Info,CBS,Warning: Unrecognized packageExtended attribute.,39b783c8,Warning: Unrecognized packageExtended attribute.,[]
1255,2016-09-29,02:03:48,Info,CBS,Expecting attribute name [HRESULT = 0x800f080d - CBS_E_MANIFEST_INVALID_ITEM],565f9069,Expecting attribute name [HRESULT = <*>- CBS_E_MANIFEST_INVALID_ITEM],['0x800f080d ']
1256,2016-09-29,02:03:48,Info,CBS,Failed to get next element [HRESULT = 0x800f080d - CBS_E_MANIFEST_INVALID_ITEM],9c9f9113,Failed to get next element [HRESULT = <*>- CBS_E_MANIFEST_INVALID_ITEM],['0x800f080d ']
1257,2016-09-29,02:03:48,Info,CBS,Warning: Unrecognized packageExtended attribute.,39b783c8,Warning: Unrecognized packageExtended attribute.,[]
1258,2016-09-29,02:03:48,Info,CBS,Expecting attribute name [HRESULT = 0x800f080d - CBS_E_MANIFEST_INVALID_ITEM],565f9069,Expecting attribute name [HRESULT = <*>- CBS_E_MANIFEST_INVALID_ITEM],['0x800f080d ']
1259,2016-09-29,02:03:48,Info,CBS,Failed to get next element [HRESULT = 0x800f080d - CBS_E_MANIFEST_INVALID_ITEM],9c9f9113,Failed to get next element [HRESULT = <*>- CBS_E_MANIFEST_INVALID_ITEM],['0x800f080d ']
1260,2016-09-29,02:03:48,Info,CBS,Warning: Unrecognized packageExtended attribute.,39b783c8,Warning: Unrecognized packageExtended attribute.,[]
1261,2016-09-29,02:03:48,Info,CBS,Expecting attribute name [HRESULT = 0x800f080d - CBS_E_MANIFEST_INVALID_ITEM],565f9069,Expecting attribute name [HRESULT = <*>- CBS_E_MANIFEST_INVALID_ITEM],['0x800f080d ']
1262,2016-09-29,02:03:48,Info,CBS,Failed to get next element [HRESULT = 0x800f080d - CBS_E_MANIFEST_INVALID_ITEM],9c9f9113,Failed to get next element [HRESULT = <*>- CBS_E_MANIFEST_INVALID_ITEM],['0x800f080d ']
1263,2016-09-29,02:03:48,Info,CBS,Warning: Unrecognized packageExtended attribute.,39b783c8,Warning: Unrecognized packageExtended attribute.,[]
1264,2016-09-29,02:03:48,Info,CBS,Expecting attribute name [HRESULT = 0x800f080d - CBS_E_MANIFEST_INVALID_ITEM],565f9069,Expecting attribute name [HRESULT = <*>- CBS_E_MANIFEST_INVALID_ITEM],['0x800f080d ']
1265,2016-09-29,02:03:48,Info,CBS,Failed to get next element [HRESULT = 0x800f080d - CBS_E_MANIFEST_INVALID_ITEM],9c9f9113,Failed to get next element [HRESULT = <*>- CBS_E_MANIFEST_INVALID_ITEM],['0x800f080d ']
1266,2016-09-29,02:03:48,Info,CBS,Warning: Unrecognized packageExtended attribute.,39b783c8,Warning: Unrecognized packageExtended attribute.,[]
1267,2016-09-29,02:03:48,Info,CBS,Warning: Unrecognized packageExtended attribute.,39b783c8,Warning: Unrecognized packageExtended attribute.,[]
1268,2016-09-29,02:03:48,Info,CBS,Expecting attribute name [HRESULT = 0x800f080d - CBS_E_MANIFEST_INVALID_ITEM],565f9069,Expecting attribute name [HRESULT = <*>- CBS_E_MANIFEST_INVALID_ITEM],['0x800f080d ']
1269,2016-09-29,02:03:48,Info,CBS,Failed to get next element [HRESULT = 0x800f080d - CBS_E_MANIFEST_INVALID_ITEM],9c9f9113,Failed to get next element [HRESULT = <*>- CBS_E_MANIFEST_INVALID_ITEM],['0x800f080d ']
1270,2016-09-29,02:03:48,Info,CBS,Warning: Unrecognized packageExtended attribute.,39b783c8,Warning: Unrecognized packageExtended attribute.,[]
1271,2016-09-29,02:03:48,Info,CBS,Expecting attribute name [HRESULT = 0x800f080d - CBS_E_MANIFEST_INVALID_ITEM],565f9069,Expecting attribute name [HRESULT = <*>- CBS_E_MANIFEST_INVALID_ITEM],['0x800f080d ']
1272,2016-09-29,02:03:48,Info,CBS,Failed to get next element [HRESULT = 0x800f080d - CBS_E_MANIFEST_INVALID_ITEM],9c9f9113,Failed to get next element [HRESULT = <*>- CBS_E_MANIFEST_INVALID_ITEM],['0x800f080d ']
1273,2016-09-29,02:03:48,Info,CBS,Warning: Unrecognized packageExtended attribute.,39b783c8,Warning: Unrecognized packageExtended attribute.,[]
1274,2016-09-29,02:03:48,Info,CBS,Expecting attribute name [HRESULT = 0x800f080d - CBS_E_MANIFEST_INVALID_ITEM],565f9069,Expecting attribute name [HRESULT = <*>- CBS_E_MANIFEST_INVALID_ITEM],['0x800f080d ']
1275,2016-09-29,02:03:48,Info,CBS,Failed to get next element [HRESULT = 0x800f080d - CBS_E_MANIFEST_INVALID_ITEM],9c9f9113,Failed to get next element [HRESULT = <*>- CBS_E_MANIFEST_INVALID_ITEM],['0x800f080d ']
1276,2016-09-29,02:03:48,Info,CBS,Warning: Unrecognized packageExtended attribute.,39b783c8,Warning: Unrecognized packageExtended attribute.,[]
1277,2016-09-29,02:03:48,Info,CBS,Expecting attribute name [HRESULT = 0x800f080d - CBS_E_MANIFEST_INVALID_ITEM],565f9069,Expecting attribute name [HRESULT = <*>- CBS_E_MANIFEST_INVALID_ITEM],['0x800f080d ']
1278,2016-09-29,02:03:48,Info,CBS,Failed to get next element [HRESULT = 0x800f080d - CBS_E_MANIFEST_INVALID_ITEM],9c9f9113,Failed to get next element [HRESULT = <*>- CBS_E_MANIFEST_INVALID_ITEM],['0x800f080d ']
1279,2016-09-29,02:03:48,Info,CBS,Warning: Unrecognized packageExtended attribute.,39b783c8,Warning: Unrecognized packageExtended attribute.,[]
1280,2016-09-29,02:03:48,Info,CBS,Warning: Unrecognized packageExtended attribute.,39b783c8,Warning: Unrecognized packageExtended attribute.,[]
1281,2016-09-29,02:03:48,Info,CBS,Expecting attribute name [HRESULT = 0x800f080d - CBS_E_MANIFEST_INVALID_ITEM],565f9069,Expecting attribute name [HRESULT = <*>- CBS_E_MANIFEST_INVALID_ITEM],['0x800f080d ']
1282,2016-09-29,02:03:48,Info,CBS,Failed to get next element [HRESULT = 0x800f080d - CBS_E_MANIFEST_INVALID_ITEM],9c9f9113,Failed to get next element [HRESULT = <*>- CBS_E_MANIFEST_INVALID_ITEM],['0x800f080d ']
1283,2016-09-29,02:03:48,Info,CBS,Warning: Unrecognized packageExtended attribute.,39b783c8,Warning: Unrecognized packageExtended attribute.,[]
1284,2016-09-29,02:03:48,Info,CBS,Expecting attribute name [HRESULT = 0x800f080d - CBS_E_MANIFEST_INVALID_ITEM],565f9069,Expecting attribute name [HRESULT = <*>- CBS_E_MANIFEST_INVALID_ITEM],['0x800f080d ']
1285,2016-09-29,02:03:48,Info,CBS,Failed to get next element [HRESULT = 0x800f080d - CBS_E_MANIFEST_INVALID_ITEM],9c9f9113,Failed to get next element [HRESULT = <*>- CBS_E_MANIFEST_INVALID_ITEM],['0x800f080d ']
1286,2016-09-29,02:03:48,Info,CBS,Warning: Unrecognized packageExtended attribute.,39b783c8,Warning: Unrecognized packageExtended attribute.,[]
1287,2016-09-29,02:03:48,Info,CBS,Expecting attribute name [HRESULT = 0x800f080d - CBS_E_MANIFEST_INVALID_ITEM],565f9069,Expecting attribute name [HRESULT = <*>- CBS_E_MANIFEST_INVALID_ITEM],['0x800f080d ']
1288,2016-09-29,02:03:48,Info,CBS,Failed to get next element [HRESULT = 0x800f080d - CBS_E_MANIFEST_INVALID_ITEM],9c9f9113,Failed to get next element [HRESULT = <*>- CBS_E_MANIFEST_INVALID_ITEM],['0x800f080d ']
1289,2016-09-29,02:03:48,Info,CBS,Warning: Unrecognized packageExtended attribute.,39b783c8,Warning: Unrecognized packageExtended attribute.,[]
1290,2016-09-29,02:03:48,Info,CBS,Expecting attribute name [HRESULT = 0x800f080d - CBS_E_MANIFEST_INVALID_ITEM],565f9069,Expecting attribute name [HRESULT = <*>- CBS_E_MANIFEST_INVALID_ITEM],['0x800f080d ']
1291,2016-09-29,02:03:48,Info,CBS,Failed to get next element [HRESULT = 0x800f080d - CBS_E_MANIFEST_INVALID_ITEM],9c9f9113,Failed to get next element [HRESULT = <*>- CBS_E_MANIFEST_INVALID_ITEM],['0x800f080d ']
1292,2016-09-29,02:03:48,Info,CBS,Warning: Unrecognized packageExtended attribute.,39b783c8,Warning: Unrecognized packageExtended attribute.,[]
1293,2016-09-29,02:03:48,Info,CBS,Warning: Unrecognized packageExtended attribute.,39b783c8,Warning: Unrecognized packageExtended attribute.,[]
1294,2016-09-29,02:03:48,Info,CBS,Expecting attribute name [HRESULT = 0x800f080d - CBS_E_MANIFEST_INVALID_ITEM],565f9069,Expecting attribute name [HRESULT = <*>- CBS_E_MANIFEST_INVALID_ITEM],['0x800f080d ']
1295,2016-09-29,02:03:48,Info,CBS,Failed to get next element [HRESULT = 0x800f080d - CBS_E_MANIFEST_INVALID_ITEM],9c9f9113,Failed to get next element [HRESULT = <*>- CBS_E_MANIFEST_INVALID_ITEM],['0x800f080d ']
1296,2016-09-29,02:03:48,Info,CBS,Warning: Unrecognized packageExtended attribute.,39b783c8,Warning: Unrecognized packageExtended attribute.,[]
1297,2016-09-29,02:03:48,Info,CBS,Expecting attribute name [HRESULT = 0x800f080d - CBS_E_MANIFEST_INVALID_ITEM],565f9069,Expecting attribute name [HRESULT = <*>- CBS_E_MANIFEST_INVALID_ITEM],['0x800f080d ']
1298,2016-09-29,02:03:48,Info,CBS,Failed to get next element [HRESULT = 0x800f080d - CBS_E_MANIFEST_INVALID_ITEM],9c9f9113,Failed to get next element [HRESULT = <*>- CBS_E_MANIFEST_INVALID_ITEM],['0x800f080d ']
1299,2016-09-29,02:03:48,Info,CBS,Warning: Unrecognized packageExtended attribute.,39b783c8,Warning: Unrecognized packageExtended attribute.,[]
1300,2016-09-29,02:03:48,Info,CBS,Expecting attribute name [HRESULT = 0x800f080d - CBS_E_MANIFEST_INVALID_ITEM],565f9069,Expecting attribute name [HRESULT = <*>- CBS_E_MANIFEST_INVALID_ITEM],['0x800f080d ']
1301,2016-09-29,02:03:48,Info,CBS,Failed to get next element [HRESULT = 0x800f080d - CBS_E_MANIFEST_INVALID_ITEM],9c9f9113,Failed to get next element [HRESULT = <*>- CBS_E_MANIFEST_INVALID_ITEM],['0x800f080d ']
1302,2016-09-29,02:03:48,Info,CBS,Warning: Unrecognized packageExtended attribute.,39b783c8,Warning: Unrecognized packageExtended attribute.,[]
1303,2016-09-29,02:03:48,Info,CBS,Expecting attribute name [HRESULT = 0x800f080d - CBS_E_MANIFEST_INVALID_ITEM],565f9069,Expecting attribute name [HRESULT = <*>- CBS_E_MANIFEST_INVALID_ITEM],['0x800f080d ']
1304,2016-09-29,02:03:48,Info,CBS,Failed to get next element [HRESULT = 0x800f080d - CBS_E_MANIFEST_INVALID_ITEM],9c9f9113,Failed to get next element [HRESULT = <*>- CBS_E_MANIFEST_INVALID_ITEM],['0x800f080d ']
1305,2016-09-29,02:03:48,Info,CBS,Warning: Unrecognized packageExtended attribute.,39b783c8,Warning: Unrecognized packageExtended attribute.,[]
1306,2016-09-29,02:03:48,Info,CBS,Warning: Unrecognized packageExtended attribute.,39b783c8,Warning: Unrecognized packageExtended attribute.,[]
1307,2016-09-29,02:03:48,Info,CBS,Expecting attribute name [HRESULT = 0x800f080d - CBS_E_MANIFEST_INVALID_ITEM],565f9069,Expecting attribute name [HRESULT = <*>- CBS_E_MANIFEST_INVALID_ITEM],['0x800f080d ']
1308,2016-09-29,02:03:48,Info,CBS,Failed to get next element [HRESULT = 0x800f080d - CBS_E_MANIFEST_INVALID_ITEM],9c9f9113,Failed to get next element [HRESULT = <*>- CBS_E_MANIFEST_INVALID_ITEM],['0x800f080d ']
1309,2016-09-29,02:03:48,Info,CBS,Warning: Unrecognized packageExtended attribute.,39b783c8,Warning: Unrecognized packageExtended attribute.,[]
1310,2016-09-29,02:03:48,Info,CBS,Expecting attribute name [HRESULT = 0x800f080d - CBS_E_MANIFEST_INVALID_ITEM],565f9069,Expecting attribute name [HRESULT = <*>- CBS_E_MANIFEST_INVALID_ITEM],['0x800f080d ']
1311,2016-09-29,02:03:48,Info,CBS,Failed to get next element [HRESULT = 0x800f080d - CBS_E_MANIFEST_INVALID_ITEM],9c9f9113,Failed to get next element [HRESULT = <*>- CBS_E_MANIFEST_INVALID_ITEM],['0x800f080d ']
1312,2016-09-29,02:03:48,Info,CBS,Warning: Unrecognized packageExtended attribute.,39b783c8,Warning: Unrecognized packageExtended attribute.,[]
1313,2016-09-29,02:03:48,Info,CBS,Expecting attribute name [HRESULT = 0x800f080d - CBS_E_MANIFEST_INVALID_ITEM],565f9069,Expecting attribute name [HRESULT = <*>- CBS_E_MANIFEST_INVALID_ITEM],['0x800f080d ']
1314,2016-09-29,02:03:48,Info,CBS,Failed to get next element [HRESULT = 0x800f080d - CBS_E_MANIFEST_INVALID_ITEM],9c9f9113,Failed to get next element [HRESULT = <*>- CBS_E_MANIFEST_INVALID_ITEM],['0x800f080d ']
1315,2016-09-29,02:03:48,Info,CBS,Warning: Unrecognized packageExtended attribute.,39b783c8,Warning: Unrecognized packageExtended attribute.,[]
1316,2016-09-29,02:03:48,Info,CBS,Expecting attribute name [HRESULT = 0x800f080d - CBS_E_MANIFEST_INVALID_ITEM],565f9069,Expecting attribute name [HRESULT = <*>- CBS_E_MANIFEST_INVALID_ITEM],['0x800f080d ']
1317,2016-09-29,02:03:48,Info,CBS,Failed to get next element [HRESULT = 0x800f080d - CBS_E_MANIFEST_INVALID_ITEM],9c9f9113,Failed to get next element [HRESULT = <*>- CBS_E_MANIFEST_INVALID_ITEM],['0x800f080d ']
1318,2016-09-29,02:03:48,Info,CBS,Warning: Unrecognized packageExtended attribute.,39b783c8,Warning: Unrecognized packageExtended attribute.,[]
1319,2016-09-29,02:03:48,Info,CBS,Session: 30546354_2845524935 initialized by client WindowsUpdateAgent.,08fb5d73,Session: <*> initialized by client WindowsUpdateAgent.,['30546354_2845524935']
1320,2016-09-29,02:03:48,Info,CBS,Warning: Unrecognized packageExtended attribute.,39b783c8,Warning: Unrecognized packageExtended attribute.,[]
1321,2016-09-29,02:03:48,Info,CBS,Expecting attribute name [HRESULT = 0x800f080d - CBS_E_MANIFEST_INVALID_ITEM],565f9069,Expecting attribute name [HRESULT = <*>- CBS_E_MANIFEST_INVALID_ITEM],['0x800f080d ']
1322,2016-09-29,02:03:48,Info,CBS,Failed to get next element [HRESULT = 0x800f080d - CBS_E_MANIFEST_INVALID_ITEM],9c9f9113,Failed to get next element [HRESULT = <*>- CBS_E_MANIFEST_INVALID_ITEM],['0x800f080d ']
1323,2016-09-29,02:03:48,Info,CBS,Warning: Unrecognized packageExtended attribute.,39b783c8,Warning: Unrecognized packageExtended attribute.,[]
1324,2016-09-29,02:03:48,Info,CBS,Expecting attribute name [HRESULT = 0x800f080d - CBS_E_MANIFEST_INVALID_ITEM],565f9069,Expecting attribute name [HRESULT = <*>- CBS_E_MANIFEST_INVALID_ITEM],['0x800f080d ']
1325,2016-09-29,02:03:48,Info,CBS,Failed to get next element [HRESULT = 0x800f080d - CBS_E_MANIFEST_INVALID_ITEM],9c9f9113,Failed to get next element [HRESULT = <*>- CBS_E_MANIFEST_INVALID_ITEM],['0x800f080d ']
1326,2016-09-29,02:03:48,Info,CBS,Warning: Unrecognized packageExtended attribute.,39b783c8,Warning: Unrecognized packageExtended attribute.,[]
1327,2016-09-29,02:03:48,Info,CBS,Expecting attribute name [HRESULT = 0x800f080d - CBS_E_MANIFEST_INVALID_ITEM],565f9069,Expecting attribute name [HRESULT = <*>- CBS_E_MANIFEST_INVALID_ITEM],['0x800f080d ']
1328,2016-09-29,02:03:48,Info,CBS,Failed to get next element [HRESULT = 0x800f080d - CBS_E_MANIFEST_INVALID_ITEM],9c9f9113,Failed to get next element [HRESULT = <*>- CBS_E_MANIFEST_INVALID_ITEM],['0x800f080d ']
1329,2016-09-29,02:03:48,Info,CBS,Warning: Unrecognized packageExtended attribute.,39b783c8,Warning: Unrecognized packageExtended attribute.,[]
1330,2016-09-29,02:03:48,Info,CBS,Expecting attribute name [HRESULT = 0x800f080d - CBS_E_MANIFEST_INVALID_ITEM],565f9069,Expecting attribute name [HRESULT = <*>- CBS_E_MANIFEST_INVALID_ITEM],['0x800f080d ']
1331,2016-09-29,02:03:48,Info,CBS,Failed to get next element [HRESULT = 0x800f080d - CBS_E_MANIFEST_INVALID_ITEM],9c9f9113,Failed to get next element [HRESULT = <*>- CBS_E_MANIFEST_INVALID_ITEM],['0x800f080d ']
1332,2016-09-29,02:03:48,Info,CBS,Warning: Unrecognized packageExtended attribute.,39b783c8,Warning: Unrecognized packageExtended attribute.,[]
1333,2016-09-29,02:03:48,Info,CBS,Warning: Unrecognized packageExtended attribute.,39b783c8,Warning: Unrecognized packageExtended attribute.,[]
1334,2016-09-29,02:03:48,Info,CBS,Expecting attribute name [HRESULT = 0x800f080d - CBS_E_MANIFEST_INVALID_ITEM],565f9069,Expecting attribute name [HRESULT = <*>- CBS_E_MANIFEST_INVALID_ITEM],['0x800f080d ']
1335,2016-09-29,02:03:48,Info,CBS,Failed to get next element [HRESULT = 0x800f080d - CBS_E_MANIFEST_INVALID_ITEM],9c9f9113,Failed to get next element [HRESULT = <*>- CBS_E_MANIFEST_INVALID_ITEM],['0x800f080d ']
1336,2016-09-29,02:03:48,Info,CBS,Warning: Unrecognized packageExtended attribute.,39b783c8,Warning: Unrecognized packageExtended attribute.,[]
1337,2016-09-29,02:03:48,Info,CBS,Expecting attribute name [HRESULT = 0x800f080d - CBS_E_MANIFEST_INVALID_ITEM],565f9069,Expecting attribute name [HRESULT = <*>- CBS_E_MANIFEST_INVALID_ITEM],['0x800f080d ']
1338,2016-09-29,02:03:48,Info,CBS,Failed to get next element [HRESULT = 0x800f080d - CBS_E_MANIFEST_INVALID_ITEM],9c9f9113,Failed to get next element [HRESULT = <*>- CBS_E_MANIFEST_INVALID_ITEM],['0x800f080d ']
1339,2016-09-29,02:03:48,Info,CBS,Warning: Unrecognized packageExtended attribute.,39b783c8,Warning: Unrecognized packageExtended attribute.,[]
1340,2016-09-29,02:03:48,Info,CBS,Expecting attribute name [HRESULT = 0x800f080d - CBS_E_MANIFEST_INVALID_ITEM],565f9069,Expecting attribute name [HRESULT = <*>- CBS_E_MANIFEST_INVALID_ITEM],['0x800f080d ']
1341,2016-09-29,02:03:48,Info,CBS,Failed to get next element [HRESULT = 0x800f080d - CBS_E_MANIFEST_INVALID_ITEM],9c9f9113,Failed to get next element [HRESULT = <*>- CBS_E_MANIFEST_INVALID_ITEM],['0x800f080d ']
1342,2016-09-29,02:03:48,Info,CBS,Warning: Unrecognized packageExtended attribute.,39b783c8,Warning: Unrecognized packageExtended attribute.,[]
1343,2016-09-29,02:03:48,Info,CBS,Expecting attribute name [HRESULT = 0x800f080d - CBS_E_MANIFEST_INVALID_ITEM],565f9069,Expecting attribute name [HRESULT = <*>- CBS_E_MANIFEST_INVALID_ITEM],['0x800f080d ']
1344,2016-09-29,02:03:48,Info,CBS,Failed to get next element [HRESULT = 0x800f080d - CBS_E_MANIFEST_INVALID_ITEM],9c9f9113,Failed to get next element [HRESULT = <*>- CBS_E_MANIFEST_INVALID_ITEM],['0x800f080d ']
1345,2016-09-29,02:03:48,Info,CBS,Warning: Unrecognized packageExtended attribute.,39b783c8,Warning: Unrecognized packageExtended attribute.,[]
1346,2016-09-29,02:03:48,Info,CBS,Warning: Unrecognized packageExtended attribute.,39b783c8,Warning: Unrecognized packageExtended attribute.,[]
1347,2016-09-29,02:03:48,Info,CBS,Expecting attribute name [HRESULT = 0x800f080d - CBS_E_MANIFEST_INVALID_ITEM],565f9069,Expecting attribute name [HRESULT = <*>- CBS_E_MANIFEST_INVALID_ITEM],['0x800f080d ']
1348,2016-09-29,02:03:48,Info,CBS,Failed to get next element [HRESULT = 0x800f080d - CBS_E_MANIFEST_INVALID_ITEM],9c9f9113,Failed to get next element [HRESULT = <*>- CBS_E_MANIFEST_INVALID_ITEM],['0x800f080d ']
1349,2016-09-29,02:03:48,Info,CBS,Warning: Unrecognized packageExtended attribute.,39b783c8,Warning: Unrecognized packageExtended attribute.,[]
1350,2016-09-29,02:03:48,Info,CBS,Expecting attribute name [HRESULT = 0x800f080d - CBS_E_MANIFEST_INVALID_ITEM],565f9069,Expecting attribute name [HRESULT = <*>- CBS_E_MANIFEST_INVALID_ITEM],['0x800f080d ']
1351,2016-09-29,02:03:48,Info,CBS,Failed to get next element [HRESULT = 0x800f080d - CBS_E_MANIFEST_INVALID_ITEM],9c9f9113,Failed to get next element [HRESULT = <*>- CBS_E_MANIFEST_INVALID_ITEM],['0x800f080d ']
1352,2016-09-29,02:03:48,Info,CBS,Warning: Unrecognized packageExtended attribute.,39b783c8,Warning: Unrecognized packageExtended attribute.,[]
1353,2016-09-29,02:03:48,Info,CBS,Expecting attribute name [HRESULT = 0x800f080d - CBS_E_MANIFEST_INVALID_ITEM],565f9069,Expecting attribute name [HRESULT = <*>- CBS_E_MANIFEST_INVALID_ITEM],['0x800f080d ']
1354,2016-09-29,02:03:48,Info,CBS,Failed to get next element [HRESULT = 0x800f080d - CBS_E_MANIFEST_INVALID_ITEM],9c9f9113,Failed to get next element [HRESULT = <*>- CBS_E_MANIFEST_INVALID_ITEM],['0x800f080d ']
1355,2016-09-29,02:03:48,Info,CBS,Warning: Unrecognized packageExtended attribute.,39b783c8,Warning: Unrecognized packageExtended attribute.,[]
1356,2016-09-29,02:03:48,Info,CBS,Expecting attribute name [HRESULT = 0x800f080d - CBS_E_MANIFEST_INVALID_ITEM],565f9069,Expecting attribute name [HRESULT = <*>- CBS_E_MANIFEST_INVALID_ITEM],['0x800f080d ']
1357,2016-09-29,02:03:48,Info,CBS,Failed to get next element [HRESULT = 0x800f080d - CBS_E_MANIFEST_INVALID_ITEM],9c9f9113,Failed to get next element [HRESULT = <*>- CBS_E_MANIFEST_INVALID_ITEM],['0x800f080d ']
1358,2016-09-29,02:03:48,Info,CBS,Warning: Unrecognized packageExtended attribute.,39b783c8,Warning: Unrecognized packageExtended attribute.,[]
1359,2016-09-29,02:03:48,Info,CBS,Warning: Unrecognized packageExtended attribute.,39b783c8,Warning: Unrecognized packageExtended attribute.,[]
1360,2016-09-29,02:03:48,Info,CBS,Expecting attribute name [HRESULT = 0x800f080d - CBS_E_MANIFEST_INVALID_ITEM],565f9069,Expecting attribute name [HRESULT = <*>- CBS_E_MANIFEST_INVALID_ITEM],['0x800f080d ']
1361,2016-09-29,02:03:48,Info,CBS,Failed to get next element [HRESULT = 0x800f080d - CBS_E_MANIFEST_INVALID_ITEM],9c9f9113,Failed to get next element [HRESULT = <*>- CBS_E_MANIFEST_INVALID_ITEM],['0x800f080d ']
1362,2016-09-29,02:03:48,Info,CBS,Warning: Unrecognized packageExtended attribute.,39b783c8,Warning: Unrecognized packageExtended attribute.,[]
1363,2016-09-29,02:03:48,Info,CBS,Expecting attribute name [HRESULT = 0x800f080d - CBS_E_MANIFEST_INVALID_ITEM],565f9069,Expecting attribute name [HRESULT = <*>- CBS_E_MANIFEST_INVALID_ITEM],['0x800f080d ']
1364,2016-09-29,02:03:48,Info,CBS,Failed to get next element [HRESULT = 0x800f080d - CBS_E_MANIFEST_INVALID_ITEM],9c9f9113,Failed to get next element [HRESULT = <*>- CBS_E_MANIFEST_INVALID_ITEM],['0x800f080d ']
1365,2016-09-29,02:03:48,Info,CBS,Warning: Unrecognized packageExtended attribute.,39b783c8,Warning: Unrecognized packageExtended attribute.,[]
1366,2016-09-29,02:03:48,Info,CBS,Expecting attribute name [HRESULT = 0x800f080d - CBS_E_MANIFEST_INVALID_ITEM],565f9069,Expecting attribute name [HRESULT = <*>- CBS_E_MANIFEST_INVALID_ITEM],['0x800f080d ']
1367,2016-09-29,02:03:48,Info,CBS,Failed to get next element [HRESULT = 0x800f080d - CBS_E_MANIFEST_INVALID_ITEM],9c9f9113,Failed to get next element [HRESULT = <*>- CBS_E_MANIFEST_INVALID_ITEM],['0x800f080d ']
1368,2016-09-29,02:03:48,Info,CBS,Warning: Unrecognized packageExtended attribute.,39b783c8,Warning: Unrecognized packageExtended attribute.,[]
1369,2016-09-29,02:03:48,Info,CBS,Expecting attribute name [HRESULT = 0x800f080d - CBS_E_MANIFEST_INVALID_ITEM],565f9069,Expecting attribute name [HRESULT = <*>- CBS_E_MANIFEST_INVALID_ITEM],['0x800f080d ']
1370,2016-09-29,02:03:48,Info,CBS,Failed to get next element [HRESULT = 0x800f080d - CBS_E_MANIFEST_INVALID_ITEM],9c9f9113,Failed to get next element [HRESULT = <*>- CBS_E_MANIFEST_INVALID_ITEM],['0x800f080d ']
1371,2016-09-29,02:03:48,Info,CBS,Warning: Unrecognized packageExtended attribute.,39b783c8,Warning: Unrecognized packageExtended attribute.,[]
1372,2016-09-29,02:03:48,Info,CBS,Warning: Unrecognized packageExtended attribute.,39b783c8,Warning: Unrecognized packageExtended attribute.,[]
1373,2016-09-29,02:03:48,Info,CBS,Expecting attribute name [HRESULT = 0x800f080d - CBS_E_MANIFEST_INVALID_ITEM],565f9069,Expecting attribute name [HRESULT = <*>- CBS_E_MANIFEST_INVALID_ITEM],['0x800f080d ']
1374,2016-09-29,02:03:48,Info,CBS,Failed to get next element [HRESULT = 0x800f080d - CBS_E_MANIFEST_INVALID_ITEM],9c9f9113,Failed to get next element [HRESULT = <*>- CBS_E_MANIFEST_INVALID_ITEM],['0x800f080d ']
1375,2016-09-29,02:03:48,Info,CBS,Warning: Unrecognized packageExtended attribute.,39b783c8,Warning: Unrecognized packageExtended attribute.,[]
1376,2016-09-29,02:03:48,Info,CBS,Expecting attribute name [HRESULT = 0x800f080d - CBS_E_MANIFEST_INVALID_ITEM],565f9069,Expecting attribute name [HRESULT = <*>- CBS_E_MANIFEST_INVALID_ITEM],['0x800f080d ']
1377,2016-09-29,02:03:48,Info,CBS,Failed to get next element [HRESULT = 0x800f080d - CBS_E_MANIFEST_INVALID_ITEM],9c9f9113,Failed to get next element [HRESULT = <*>- CBS_E_MANIFEST_INVALID_ITEM],['0x800f080d ']
1378,2016-09-29,02:03:48,Info,CBS,Warning: Unrecognized packageExtended attribute.,39b783c8,Warning: Unrecognized packageExtended attribute.,[]
1379,2016-09-29,02:03:48,Info,CBS,Expecting attribute name [HRESULT = 0x800f080d - CBS_E_MANIFEST_INVALID_ITEM],565f9069,Expecting attribute name [HRESULT = <*>- CBS_E_MANIFEST_INVALID_ITEM],['0x800f080d ']
1380,2016-09-29,02:03:48,Info,CBS,Failed to get next element [HRESULT = 0x800f080d - CBS_E_MANIFEST_INVALID_ITEM],9c9f9113,Failed to get next element [HRESULT = <*>- CBS_E_MANIFEST_INVALID_ITEM],['0x800f080d ']
1381,2016-09-29,02:03:48,Info,CBS,Warning: Unrecognized packageExtended attribute.,39b783c8,Warning: Unrecognized packageExtended attribute.,[]
1382,2016-09-29,02:03:48,Info,CBS,Expecting attribute name [HRESULT = 0x800f080d - CBS_E_MANIFEST_INVALID_ITEM],565f9069,Expecting attribute name [HRESULT = <*>- CBS_E_MANIFEST_INVALID_ITEM],['0x800f080d ']
1383,2016-09-29,02:03:48,Info,CBS,Failed to get next element [HRESULT = 0x800f080d - CBS_E_MANIFEST_INVALID_ITEM],9c9f9113,Failed to get next element [HRESULT = <*>- CBS_E_MANIFEST_INVALID_ITEM],['0x800f080d ']
1384,2016-09-29,02:03:48,Info,CBS,Warning: Unrecognized packageExtended attribute.,39b783c8,Warning: Unrecognized packageExtended attribute.,[]
1385,2016-09-29,02:03:48,Info,CBS,Warning: Unrecognized packageExtended attribute.,39b783c8,Warning: Unrecognized packageExtended attribute.,[]
1386,2016-09-29,02:03:48,Info,CBS,Expecting attribute name [HRESULT = 0x800f080d - CBS_E_MANIFEST_INVALID_ITEM],565f9069,Expecting attribute name [HRESULT = <*>- CBS_E_MANIFEST_INVALID_ITEM],['0x800f080d ']
1387,2016-09-29,02:03:48,Info,CBS,Failed to get next element [HRESULT = 0x800f080d - CBS_E_MANIFEST_INVALID_ITEM],9c9f9113,Failed to get next element [HRESULT = <*>- CBS_E_MANIFEST_INVALID_ITEM],['0x800f080d ']
1388,2016-09-29,02:03:48,Info,CBS,Warning: Unrecognized packageExtended attribute.,39b783c8,Warning: Unrecognized packageExtended attribute.,[]
1389,2016-09-29,02:03:48,Info,CBS,Expecting attribute name [HRESULT = 0x800f080d - CBS_E_MANIFEST_INVALID_ITEM],565f9069,Expecting attribute name [HRESULT = <*>- CBS_E_MANIFEST_INVALID_ITEM],['0x800f080d ']
1390,2016-09-29,02:03:48,Info,CBS,Failed to get next element [HRESULT = 0x800f080d - CBS_E_MANIFEST_INVALID_ITEM],9c9f9113,Failed to get next element [HRESULT = <*>- CBS_E_MANIFEST_INVALID_ITEM],['0x800f080d ']
1391,2016-09-29,02:03:48,Info,CBS,Warning: Unrecognized packageExtended attribute.,39b783c8,Warning: Unrecognized packageExtended attribute.,[]
1392,2016-09-29,02:03:48,Info,CBS,Expecting attribute name [HRESULT = 0x800f080d - CBS_E_MANIFEST_INVALID_ITEM],565f9069,Expecting attribute name [HRESULT = <*>- CBS_E_MANIFEST_INVALID_ITEM],['0x800f080d ']
1393,2016-09-29,02:03:48,Info,CBS,Failed to get next element [HRESULT = 0x800f080d - CBS_E_MANIFEST_INVALID_ITEM],9c9f9113,Failed to get next element [HRESULT = <*>- CBS_E_MANIFEST_INVALID_ITEM],['0x800f080d ']
1394,2016-09-29,02:03:48,Info,CBS,Warning: Unrecognized packageExtended attribute.,39b783c8,Warning: Unrecognized packageExtended attribute.,[]
1395,2016-09-29,02:03:48,Info,CBS,Expecting attribute name [HRESULT = 0x800f080d - CBS_E_MANIFEST_INVALID_ITEM],565f9069,Expecting attribute name [HRESULT = <*>- CBS_E_MANIFEST_INVALID_ITEM],['0x800f080d ']
1396,2016-09-29,02:03:48,Info,CBS,Failed to get next element [HRESULT = 0x800f080d - CBS_E_MANIFEST_INVALID_ITEM],9c9f9113,Failed to get next element [HRESULT = <*>- CBS_E_MANIFEST_INVALID_ITEM],['0x800f080d ']
1397,2016-09-29,02:03:48,Info,CBS,Warning: Unrecognized packageExtended attribute.,39b783c8,Warning: Unrecognized packageExtended attribute.,[]
1398,2016-09-29,02:03:48,Info,CBS,Warning: Unrecognized packageExtended attribute.,39b783c8,Warning: Unrecognized packageExtended attribute.,[]
1399,2016-09-29,02:03:48,Info,CBS,Expecting attribute name [HRESULT = 0x800f080d - CBS_E_MANIFEST_INVALID_ITEM],565f9069,Expecting attribute name [HRESULT = <*>- CBS_E_MANIFEST_INVALID_ITEM],['0x800f080d ']
1400,2016-09-29,02:03:48,Info,CBS,Failed to get next element [HRESULT = 0x800f080d - CBS_E_MANIFEST_INVALID_ITEM],9c9f9113,Failed to get next element [HRESULT = <*>- CBS_E_MANIFEST_INVALID_ITEM],['0x800f080d ']
1401,2016-09-29,02:03:48,Info,CBS,Warning: Unrecognized packageExtended attribute.,39b783c8,Warning: Unrecognized packageExtended attribute.,[]
1402,2016-09-29,02:03:48,Info,CBS,Expecting attribute name [HRESULT = 0x800f080d - CBS_E_MANIFEST_INVALID_ITEM],565f9069,Expecting attribute name [HRESULT = <*>- CBS_E_MANIFEST_INVALID_ITEM],['0x800f080d ']
1403,2016-09-29,02:03:48,Info,CBS,Failed to get next element [HRESULT = 0x800f080d - CBS_E_MANIFEST_INVALID_ITEM],9c9f9113,Failed to get next element [HRESULT = <*>- CBS_E_MANIFEST_INVALID_ITEM],['0x800f080d ']
1404,2016-09-29,02:03:48,Info,CBS,Warning: Unrecognized packageExtended attribute.,39b783c8,Warning: Unrecognized packageExtended attribute.,[]
1405,2016-09-29,02:03:48,Info,CBS,Expecting attribute name [HRESULT = 0x800f080d - CBS_E_MANIFEST_INVALID_ITEM],565f9069,Expecting attribute name [HRESULT = <*>- CBS_E_MANIFEST_INVALID_ITEM],['0x800f080d ']
1406,2016-09-29,02:03:48,Info,CBS,Failed to get next element [HRESULT = 0x800f080d - CBS_E_MANIFEST_INVALID_ITEM],9c9f9113,Failed to get next element [HRESULT = <*>- CBS_E_MANIFEST_INVALID_ITEM],['0x800f080d ']
1407,2016-09-29,02:03:48,Info,CBS,Warning: Unrecognized packageExtended attribute.,39b783c8,Warning: Unrecognized packageExtended attribute.,[]
1408,2016-09-29,02:03:48,Info,CBS,Expecting attribute name [HRESULT = 0x800f080d - CBS_E_MANIFEST_INVALID_ITEM],565f9069,Expecting attribute name [HRESULT = <*>- CBS_E_MANIFEST_INVALID_ITEM],['0x800f080d ']
1409,2016-09-29,02:03:48,Info,CBS,Failed to get next element [HRESULT = 0x800f080d - CBS_E_MANIFEST_INVALID_ITEM],9c9f9113,Failed to get next element [HRESULT = <*>- CBS_E_MANIFEST_INVALID_ITEM],['0x800f080d ']
1410,2016-09-29,02:03:48,Info,CBS,Warning: Unrecognized packageExtended attribute.,39b783c8,Warning: Unrecognized packageExtended attribute.,[]
1411,2016-09-29,02:03:48,Info,CBS,Warning: Unrecognized packageExtended attribute.,39b783c8,Warning: Unrecognized packageExtended attribute.,[]
1412,2016-09-29,02:03:48,Info,CBS,Expecting attribute name [HRESULT = 0x800f080d - CBS_E_MANIFEST_INVALID_ITEM],565f9069,Expecting attribute name [HRESULT = <*>- CBS_E_MANIFEST_INVALID_ITEM],['0x800f080d ']
1413,2016-09-29,02:03:48,Info,CBS,Failed to get next element [HRESULT = 0x800f080d - CBS_E_MANIFEST_INVALID_ITEM],9c9f9113,Failed to get next element [HRESULT = <*>- CBS_E_MANIFEST_INVALID_ITEM],['0x800f080d ']
1414,2016-09-29,02:03:48,Info,CBS,Warning: Unrecognized packageExtended attribute.,39b783c8,Warning: Unrecognized packageExtended attribute.,[]
1415,2016-09-29,02:03:48,Info,CBS,Expecting attribute name [HRESULT = 0x800f080d - CBS_E_MANIFEST_INVALID_ITEM],565f9069,Expecting attribute name [HRESULT = <*>- CBS_E_MANIFEST_INVALID_ITEM],['0x800f080d ']
1416,2016-09-29,02:03:48,Info,CBS,Failed to get next element [HRESULT = 0x800f080d - CBS_E_MANIFEST_INVALID_ITEM],9c9f9113,Failed to get next element [HRESULT = <*>- CBS_E_MANIFEST_INVALID_ITEM],['0x800f080d ']
1417,2016-09-29,02:03:48,Info,CBS,Warning: Unrecognized packageExtended attribute.,39b783c8,Warning: Unrecognized packageExtended attribute.,[]
1418,2016-09-29,02:03:48,Info,CBS,Expecting attribute name [HRESULT = 0x800f080d - CBS_E_MANIFEST_INVALID_ITEM],565f9069,Expecting attribute name [HRESULT = <*>- CBS_E_MANIFEST_INVALID_ITEM],['0x800f080d ']
1419,2016-09-29,02:03:48,Info,CBS,Failed to get next element [HRESULT = 0x800f080d - CBS_E_MANIFEST_INVALID_ITEM],9c9f9113,Failed to get next element [HRESULT = <*>- CBS_E_MANIFEST_INVALID_ITEM],['0x800f080d ']
1420,2016-09-29,02:03:48,Info,CBS,Warning: Unrecognized packageExtended attribute.,39b783c8,Warning: Unrecognized packageExtended attribute.,[]
1421,2016-09-29,02:03:48,Info,CBS,Expecting attribute name [HRESULT = 0x800f080d - CBS_E_MANIFEST_INVALID_ITEM],565f9069,Expecting attribute name [HRESULT = <*>- CBS_E_MANIFEST_INVALID_ITEM],['0x800f080d ']
1422,2016-09-29,02:03:48,Info,CBS,Failed to get next element [HRESULT = 0x800f080d - CBS_E_MANIFEST_INVALID_ITEM],9c9f9113,Failed to get next element [HRESULT = <*>- CBS_E_MANIFEST_INVALID_ITEM],['0x800f080d ']
1423,2016-09-29,02:03:48,Info,CBS,Warning: Unrecognized packageExtended attribute.,39b783c8,Warning: Unrecognized packageExtended attribute.,[]
1424,2016-09-29,02:03:49,Info,CBS,Session: 30546354_2850645228 initialized by client WindowsUpdateAgent.,08fb5d73,Session: <*> initialized by client WindowsUpdateAgent.,['30546354_2850645228']
1425,2016-09-29,02:03:49,Info,CBS,Failed to internally open package. [HRESULT = 0x800f0805 - CBS_E_INVALID_PACKAGE],39c8b4cc,Failed to internally open package. [HRESULT = <*>- CBS_E_INVALID_PACKAGE],['0x800f0805 ']
1426,2016-09-29,02:03:49,Info,CBS,Session: 30546354_2850655229 initialized by client WindowsUpdateAgent.,08fb5d73,Session: <*> initialized by client WindowsUpdateAgent.,['30546354_2850655229']
1427,2016-09-29,02:03:49,Info,CBS,Failed to internally open package. [HRESULT = 0x800f0805 - CBS_E_INVALID_PACKAGE],39c8b4cc,Failed to internally open package. [HRESULT = <*>- CBS_E_INVALID_PACKAGE],['0x800f0805 ']
1428,2016-09-29,02:03:49,Info,CBS,Session: 30546354_2850665229 initialized by client WindowsUpdateAgent.,08fb5d73,Session: <*> initialized by client WindowsUpdateAgent.,['30546354_2850665229']
1429,2016-09-29,02:03:49,Info,CBS,Failed to internally open package. [HRESULT = 0x800f0805 - CBS_E_INVALID_PACKAGE],39c8b4cc,Failed to internally open package. [HRESULT = <*>- CBS_E_INVALID_PACKAGE],['0x800f0805 ']
1430,2016-09-29,02:03:49,Info,CBS,Session: 30546354_2850685230 initialized by client WindowsUpdateAgent.,08fb5d73,Session: <*> initialized by client WindowsUpdateAgent.,['30546354_2850685230']
1431,2016-09-29,02:03:49,Info,CBS,Failed to internally open package. [HRESULT = 0x800f0805 - CBS_E_INVALID_PACKAGE],39c8b4cc,Failed to internally open package. [HRESULT = <*>- CBS_E_INVALID_PACKAGE],['0x800f0805 ']
1432,2016-09-29,02:03:49,Info,CBS,Session: 30546354_2850695231 initialized by client WindowsUpdateAgent.,08fb5d73,Session: <*> initialized by client WindowsUpdateAgent.,['30546354_2850695231']
1433,2016-09-29,02:03:49,Info,CBS,Failed to internally open package. [HRESULT = 0x800f0805 - CBS_E_INVALID_PACKAGE],39c8b4cc,Failed to internally open package. [HRESULT = <*>- CBS_E_INVALID_PACKAGE],['0x800f0805 ']
1434,2016-09-29,02:03:49,Info,CBS,Session: 30546354_2850705232 initialized by client WindowsUpdateAgent.,08fb5d73,Session: <*> initialized by client WindowsUpdateAgent.,['30546354_2850705232']
1435,2016-09-29,02:03:49,Info,CBS,Failed to internally open package. [HRESULT = 0x800f0805 - CBS_E_INVALID_PACKAGE],39c8b4cc,Failed to internally open package. [HRESULT = <*>- CBS_E_INVALID_PACKAGE],['0x800f0805 ']
1436,2016-09-29,02:03:49,Info,CBS,Session: 30546354_2850715232 initialized by client WindowsUpdateAgent.,08fb5d73,Session: <*> initialized by client WindowsUpdateAgent.,['30546354_2850715232']
1437,2016-09-29,02:03:49,Info,CBS,Failed to internally open package. [HRESULT = 0x800f0805 - CBS_E_INVALID_PACKAGE],39c8b4cc,Failed to internally open package. [HRESULT = <*>- CBS_E_INVALID_PACKAGE],['0x800f0805 ']
1438,2016-09-29,02:03:49,Info,CBS,Session: 30546354_2852095311 initialized by client WindowsUpdateAgent.,08fb5d73,Session: <*> initialized by client WindowsUpdateAgent.,['30546354_2852095311']
1439,2016-09-29,02:03:51,Info,CBS,Session: 30546354_2868336240 initialized by client WindowsUpdateAgent.,08fb5d73,Session: <*> initialized by client WindowsUpdateAgent.,['30546354_2868336240']
1440,2016-09-29,02:03:51,Info,CBS,"Read out cached package applicability for package: Package_for_KB3121255~31bf3856ad364e35~amd64~~6.1.1.0, ApplicableState: 112, CurrentState:112",28e57347,Read out cached package applicability for package: <*> ApplicableState: <*> <*>,"['Package_for_KB3121255~31bf3856ad364e35~amd64~~6.1.1.0,', '112, CurrentState:112']"
1441,2016-09-29,02:03:51,Info,CBS,Session: 30546354_2875796667 initialized by client WindowsUpdateAgent.,08fb5d73,Session: <*> initialized by client WindowsUpdateAgent.,['30546354_2875796667']
1442,2016-09-29,02:03:51,Info,CBS,"Read out cached package applicability for package: Package_for_KB2656356~31bf3856ad364e35~amd64~~6.1.1.1, ApplicableState: 80, CurrentState:112",28e57347,Read out cached package applicability for package: <*> ApplicableState: <*> <*>,"['Package_for_KB2656356~31bf3856ad364e35~amd64~~6.1.1.1,', '80, CurrentState:112']"
1443,2016-09-29,02:03:52,Info,CBS,Session: 30546354_2879516879 initialized by client WindowsUpdateAgent.,08fb5d73,Session: <*> initialized by client WindowsUpdateAgent.,['30546354_2879516879']
1444,2016-09-29,02:03:52,Info,CBS,"Read out cached package applicability for package: Package_for_KB3108664~31bf3856ad364e35~amd64~~6.1.1.0, ApplicableState: 112, CurrentState:112",28e57347,Read out cached package applicability for package: <*> ApplicableState: <*> <*>,"['Package_for_KB3108664~31bf3856ad364e35~amd64~~6.1.1.0,', '112, CurrentState:112']"
1445,2016-09-29,02:03:52,Info,CBS,Session: 30546354_2879836898 initialized by client WindowsUpdateAgent.,08fb5d73,Session: <*> initialized by client WindowsUpdateAgent.,['30546354_2879836898']
1446,2016-09-29,02:03:52,Info,CBS,"Read out cached package applicability for package: Package_for_KB3115858~31bf3856ad364e35~amd64~~6.1.1.0, ApplicableState: 80, CurrentState:112",28e57347,Read out cached package applicability for package: <*> ApplicableState: <*> <*>,"['Package_for_KB3115858~31bf3856ad364e35~amd64~~6.1.1.0,', '80, CurrentState:112']"
1447,2016-09-29,02:03:53,Info,CBS,Session: 30546354_2894197719 initialized by client WindowsUpdateAgent.,08fb5d73,Session: <*> initialized by client WindowsUpdateAgent.,['30546354_2894197719']
1448,2016-09-29,02:03:53,Info,CBS,"Read out cached package applicability for package: Package_for_KB3127220~31bf3856ad364e35~amd64~~6.1.1.0, ApplicableState: 112, CurrentState:112",28e57347,Read out cached package applicability for package: <*> ApplicableState: <*> <*>,"['Package_for_KB3127220~31bf3856ad364e35~amd64~~6.1.1.0,', '112, CurrentState:112']"
1449,2016-09-29,02:03:53,Info,CBS,Session: 30546354_2896247836 initialized by client WindowsUpdateAgent.,08fb5d73,Session: <*> initialized by client WindowsUpdateAgent.,['30546354_2896247836']
1450,2016-09-29,02:03:54,Info,CBS,"Read out cached package applicability for package: Package_for_KB3060716~31bf3856ad364e35~amd64~~6.1.1.0, ApplicableState: 112, CurrentState:112",28e57347,Read out cached package applicability for package: <*> ApplicableState: <*> <*>,"['Package_for_KB3060716~31bf3856ad364e35~amd64~~6.1.1.0,', '112, CurrentState:112']"
1451,2016-09-29,02:03:54,Info,CBS,Session: 30546354_2902428190 initialized by client WindowsUpdateAgent.,08fb5d73,Session: <*> initialized by client WindowsUpdateAgent.,['30546354_2902428190']
1452,2016-09-29,02:03:54,Info,CBS,"Read out cached package applicability for package: Package_for_KB3006137~31bf3856ad364e35~amd64~~6.1.1.0, ApplicableState: 112, CurrentState:112",28e57347,Read out cached package applicability for package: <*> ApplicableState: <*> <*>,"['Package_for_KB3006137~31bf3856ad364e35~amd64~~6.1.1.0,', '112, CurrentState:112']"
1453,2016-09-29,02:03:54,Info,CBS,Session: 30546354_2902518195 initialized by client WindowsUpdateAgent.,08fb5d73,Session: <*> initialized by client WindowsUpdateAgent.,['30546354_2902518195']
1454,2016-09-29,02:03:54,Info,CBS,"Read out cached package applicability for package: Package_for_KB3067903~31bf3856ad364e35~amd64~~6.1.1.0, ApplicableState: 112, CurrentState:112",28e57347,Read out cached package applicability for package: <*> ApplicableState: <*> <*>,"['Package_for_KB3067903~31bf3856ad364e35~amd64~~6.1.1.0,', '112, CurrentState:112']"
1455,2016-09-29,02:03:55,Info,CBS,Session: 30546354_2908448534 initialized by client WindowsUpdateAgent.,08fb5d73,Session: <*> initialized by client WindowsUpdateAgent.,['30546354_2908448534']
1456,2016-09-29,02:03:55,Info,CBS,"Read out cached package applicability for package: Package_for_KB3086255~31bf3856ad364e35~amd64~~6.1.1.0, ApplicableState: 112, CurrentState:112",28e57347,Read out cached package applicability for package: <*> ApplicableState: <*> <*>,"['Package_for_KB3086255~31bf3856ad364e35~amd64~~6.1.1.0,', '112, CurrentState:112']"
1457,2016-09-29,02:03:55,Info,CBS,Session: 30546354_2912518767 initialized by client WindowsUpdateAgent.,08fb5d73,Session: <*> initialized by client WindowsUpdateAgent.,['30546354_2912518767']
1458,2016-09-29,02:03:55,Info,CBS,"Read out cached package applicability for package: Package_for_KB3146706~31bf3856ad364e35~amd64~~6.1.1.2, ApplicableState: 112, CurrentState:112",28e57347,Read out cached package applicability for package: <*> ApplicableState: <*> <*>,"['Package_for_KB3146706~31bf3856ad364e35~amd64~~6.1.1.2,', '112, CurrentState:112']"
1459,2016-09-29,02:03:55,Info,CBS,Session: 30546354_2914788897 initialized by client WindowsUpdateAgent.,08fb5d73,Session: <*> initialized by client WindowsUpdateAgent.,['30546354_2914788897']
1460,2016-09-29,02:03:55,Info,CBS,"Read out cached package applicability for package: Package_for_KB3182203~31bf3856ad364e35~amd64~~6.1.1.1, ApplicableState: 112, CurrentState:112",28e57347,Read out cached package applicability for package: <*> ApplicableState: <*> <*>,"['Package_for_KB3182203~31bf3856ad364e35~amd64~~6.1.1.1,', '112, CurrentState:112']"
1461,2016-09-29,02:03:55,Info,CBS,Session: 30546354_2915778954 initialized by client WindowsUpdateAgent.,08fb5d73,Session: <*> initialized by client WindowsUpdateAgent.,['30546354_2915778954']
1462,2016-09-29,02:03:55,Info,CBS,"Read out cached package applicability for package: Package_for_KB3075226~31bf3856ad364e35~amd64~~6.1.1.1, ApplicableState: 112, CurrentState:112",28e57347,Read out cached package applicability for package: <*> ApplicableState: <*> <*>,"['Package_for_KB3075226~31bf3856ad364e35~amd64~~6.1.1.1,', '112, CurrentState:112']"
1463,2016-09-29,02:03:55,Info,CBS,Session: 30546354_2916919019 initialized by client WindowsUpdateAgent.,08fb5d73,Session: <*> initialized by client WindowsUpdateAgent.,['30546354_2916919019']
1464,2016-09-29,02:03:55,Info,CBS,"Read out cached package applicability for package: Package_for_KB3185319~31bf3856ad364e35~amd64~~11.2.1.0, ApplicableState: 112, CurrentState:112",28e57347,Read out cached package applicability for package: <*> ApplicableState: <*> <*>,"['Package_for_KB3185319~31bf3856ad364e35~amd64~~11.2.1.0,', '112, CurrentState:112']"
1465,2016-09-29,02:03:55,Info,CBS,Session: 30546354_2917229036 initialized by client WindowsUpdateAgent.,08fb5d73,Session: <*> initialized by client WindowsUpdateAgent.,['30546354_2917229036']
1466,2016-09-29,02:03:56,Info,CBS,Session: 30546354_2919539169 initialized by client WindowsUpdateAgent.,08fb5d73,Session: <*> initialized by client WindowsUpdateAgent.,['30546354_2919539169']
1467,2016-09-29,02:03:56,Info,CBS,"Read out cached package applicability for package: Package_for_KB3033929~31bf3856ad364e35~amd64~~6.1.1.1, ApplicableState: 80, CurrentState:112",28e57347,Read out cached package applicability for package: <*> ApplicableState: <*> <*>,"['Package_for_KB3033929~31bf3856ad364e35~amd64~~6.1.1.1,', '80, CurrentState:112']"
1468,2016-09-29,02:03:56,Info,CBS,Session: 30546354_2926539569 initialized by client WindowsUpdateAgent.,08fb5d73,Session: <*> initialized by client WindowsUpdateAgent.,['30546354_2926539569']
1469,2016-09-29,02:03:56,Info,CBS,"Read out cached package applicability for package: Package_for_KB2978742~31bf3856ad364e35~amd64~~6.1.1.0, ApplicableState: 112, CurrentState:112",28e57347,Read out cached package applicability for package: <*> ApplicableState: <*> <*>,"['Package_for_KB2978742~31bf3856ad364e35~amd64~~6.1.1.0,', '112, CurrentState:112']"
1470,2016-09-29,02:03:57,Info,CBS,Session: 30546354_2932399904 initialized by client WindowsUpdateAgent.,08fb5d73,Session: <*> initialized by client WindowsUpdateAgent.,['30546354_2932399904']
1471,2016-09-29,02:03:57,Info,CBS,"Read out cached package applicability for package: Package_for_KB3177186~31bf3856ad364e35~amd64~~6.1.1.1, ApplicableState: 112, CurrentState:112",28e57347,Read out cached package applicability for package: <*> ApplicableState: <*> <*>,"['Package_for_KB3177186~31bf3856ad364e35~amd64~~6.1.1.1,', '112, CurrentState:112']"
1472,2016-09-29,02:03:57,Info,CBS,Session: 30546354_2934110002 initialized by client WindowsUpdateAgent.,08fb5d73,Session: <*> initialized by client WindowsUpdateAgent.,['30546354_2934110002']
1473,2016-09-29,02:03:57,Info,CBS,"Read out cached package applicability for package: Package_for_KB3055642~31bf3856ad364e35~amd64~~6.1.1.0, ApplicableState: 112, CurrentState:112",28e57347,Read out cached package applicability for package: <*> ApplicableState: <*> <*>,"['Package_for_KB3055642~31bf3856ad364e35~amd64~~6.1.1.0,', '112, CurrentState:112']"
1474,2016-09-29,02:03:57,Info,CBS,Session: 30546354_2934760039 initialized by client WindowsUpdateAgent.,08fb5d73,Session: <*> initialized by client WindowsUpdateAgent.,['30546354_2934760039']
1475,2016-09-29,02:03:57,Info,CBS,"Read out cached package applicability for package: Package_for_KB3078601~31bf3856ad364e35~amd64~~6.1.1.5, ApplicableState: 112, CurrentState:112",28e57347,Read out cached package applicability for package: <*> ApplicableState: <*> <*>,"['Package_for_KB3078601~31bf3856ad364e35~amd64~~6.1.1.5,', '112, CurrentState:112']"
1476,2016-09-29,02:03:57,Info,CBS,Session: 30546354_2936720151 initialized by client WindowsUpdateAgent.,08fb5d73,Session: <*> initialized by client WindowsUpdateAgent.,['30546354_2936720151']
1477,2016-09-29,02:03:57,Info,CBS,"Read out cached package applicability for package: Package_for_KB3147071~31bf3856ad364e35~amd64~~6.1.1.1, ApplicableState: 112, CurrentState:112",28e57347,Read out cached package applicability for package: <*> ApplicableState: <*> <*>,"['Package_for_KB3147071~31bf3856ad364e35~amd64~~6.1.1.1,', '112, CurrentState:112']"
1478,2016-09-29,02:03:57,Info,CBS,Session: 30546354_2937490195 initialized by client WindowsUpdateAgent.,08fb5d73,Session: <*> initialized by client WindowsUpdateAgent.,['30546354_2937490195']
1479,2016-09-29,02:03:57,Info,CBS,"Read out cached package applicability for package: Package_for_KB3019978~31bf3856ad364e35~amd64~~6.1.1.2, ApplicableState: 80, CurrentState:0",28e57347,Read out cached package applicability for package: <*> ApplicableState: <*> <*>,"['Package_for_KB3019978~31bf3856ad364e35~amd64~~6.1.1.2,', '80, CurrentState:0']"
1480,2016-09-29,02:03:57,Info,CBS,Session: 30546354_2937600202 initialized by client WindowsUpdateAgent.,08fb5d73,Session: <*> initialized by client WindowsUpdateAgent.,['30546354_2937600202']
1481,2016-09-29,02:03:57,Info,CBS,"Read out cached package applicability for package: Package_for_KB2563227~31bf3856ad364e35~amd64~~6.1.1.0, ApplicableState: 112, CurrentState:112",28e57347,Read out cached package applicability for package: <*> ApplicableState: <*> <*>,"['Package_for_KB2563227~31bf3856ad364e35~amd64~~6.1.1.0,', '112, CurrentState:112']"
1482,2016-09-29,02:03:58,Info,CBS,Session: 30546354_2939830329 initialized by client WindowsUpdateAgent.,08fb5d73,Session: <*> initialized by client WindowsUpdateAgent.,['30546354_2939830329']
1483,2016-09-29,02:03:58,Info,CBS,"Read out cached package applicability for package: Package_for_KB3126587~31bf3856ad364e35~amd64~~6.1.1.1, ApplicableState: 112, CurrentState:112",28e57347,Read out cached package applicability for package: <*> ApplicableState: <*> <*>,"['Package_for_KB3126587~31bf3856ad364e35~amd64~~6.1.1.1,', '112, CurrentState:112']"
1484,2016-09-29,02:03:59,Info,CBS,Session: 30546354_2950240925 initialized by client WindowsUpdateAgent.,08fb5d73,Session: <*> initialized by client WindowsUpdateAgent.,['30546354_2950240925']
1485,2016-09-29,02:03:59,Info,CBS,"Read out cached package applicability for package: Package_for_KB2789645~31bf3856ad364e35~amd64~~6.1.1.0, ApplicableState: 80, CurrentState:112",28e57347,Read out cached package applicability for package: <*> ApplicableState: <*> <*>,"['Package_for_KB2789645~31bf3856ad364e35~amd64~~6.1.1.0,', '80, CurrentState:112']"
1486,2016-09-29,02:03:59,Info,CBS,Session: 30546354_2953481110 initialized by client WindowsUpdateAgent.,08fb5d73,Session: <*> initialized by client WindowsUpdateAgent.,['30546354_2953481110']
1487,2016-09-29,02:03:59,Info,CBS,"Read out cached package applicability for package: Package_for_KB3138901~31bf3856ad364e35~amd64~~6.1.1.0, ApplicableState: 112, CurrentState:112",28e57347,Read out cached package applicability for package: <*> ApplicableState: <*> <*>,"['Package_for_KB3138901~31bf3856ad364e35~amd64~~6.1.1.0,', '112, CurrentState:112']"
1488,2016-09-29,02:03:59,Info,CBS,Session: 30546354_2955011197 initialized by client WindowsUpdateAgent.,08fb5d73,Session: <*> initialized by client WindowsUpdateAgent.,['30546354_2955011197']
1489,2016-09-29,02:03:59,Info,CBS,"Read out cached package applicability for package: Package_for_KB2607047~31bf3856ad364e35~amd64~~6.1.1.1, ApplicableState: 0, CurrentState:0",28e57347,Read out cached package applicability for package: <*> ApplicableState: <*> <*>,"['Package_for_KB2607047~31bf3856ad364e35~amd64~~6.1.1.1,', '0, CurrentState:0']"
1490,2016-09-29,02:03:59,Info,CBS,Session: 30546354_2955431222 initialized by client WindowsUpdateAgent.,08fb5d73,Session: <*> initialized by client WindowsUpdateAgent.,['30546354_2955431222']
1491,2016-09-29,02:03:59,Info,CBS,Session: 30546354_2956421278 initialized by client WindowsUpdateAgent.,08fb5d73,Session: <*> initialized by client WindowsUpdateAgent.,['30546354_2956421278']
1492,2016-09-29,02:04:00,Info,CBS,"Read out cached package applicability for package: Package_for_KB3011780~31bf3856ad364e35~amd64~~6.1.1.5, ApplicableState: 112, CurrentState:112",28e57347,Read out cached package applicability for package: <*> ApplicableState: <*> <*>,"['Package_for_KB3011780~31bf3856ad364e35~amd64~~6.1.1.5,', '112, CurrentState:112']"
1493,2016-09-29,02:04:00,Info,CBS,Session: 30546354_2958491397 initialized by client WindowsUpdateAgent.,08fb5d73,Session: <*> initialized by client WindowsUpdateAgent.,['30546354_2958491397']
1494,2016-09-29,02:04:00,Info,CBS,"Read out cached package applicability for package: Package_for_KB3170455~31bf3856ad364e35~amd64~~6.1.1.2, ApplicableState: 112, CurrentState:112",28e57347,Read out cached package applicability for package: <*> ApplicableState: <*> <*>,"['Package_for_KB3170455~31bf3856ad364e35~amd64~~6.1.1.2,', '112, CurrentState:112']"
1495,2016-09-29,02:04:00,Info,CBS,Session: 30546354_2958821415 initialized by client WindowsUpdateAgent.,08fb5d73,Session: <*> initialized by client WindowsUpdateAgent.,['30546354_2958821415']
1496,2016-09-29,02:04:00,Info,CBS,"Read out cached package applicability for package: Package_for_KB2891804~31bf3856ad364e35~amd64~~6.1.1.1, ApplicableState: 112, CurrentState:112",28e57347,Read out cached package applicability for package: <*> ApplicableState: <*> <*>,"['Package_for_KB2891804~31bf3856ad364e35~amd64~~6.1.1.1,', '112, CurrentState:112']"
1497,2016-09-29,02:04:00,Info,CBS,Session: 30546354_2959411449 initialized by client WindowsUpdateAgent.,08fb5d73,Session: <*> initialized by client WindowsUpdateAgent.,['30546354_2959411449']
1498,2016-09-29,02:04:00,Info,CBS,"Read out cached package applicability for package: Package_for_KB3156017~31bf3856ad364e35~amd64~~6.1.1.0, ApplicableState: 112, CurrentState:112",28e57347,Read out cached package applicability for package: <*> ApplicableState: <*> <*>,"['Package_for_KB3156017~31bf3856ad364e35~amd64~~6.1.1.0,', '112, CurrentState:112']"
1499,2016-09-29,02:04:00,Info,CBS,Session: 30546354_2959511455 initialized by client WindowsUpdateAgent.,08fb5d73,Session: <*> initialized by client WindowsUpdateAgent.,['30546354_2959511455']
1500,2016-09-29,02:04:00,Info,CBS,"Read out cached package applicability for package: Package_for_KB3084135~31bf3856ad364e35~amd64~~6.1.1.0, ApplicableState: 112, CurrentState:112",28e57347,Read out cached package applicability for package: <*> ApplicableState: <*> <*>,"['Package_for_KB3084135~31bf3856ad364e35~amd64~~6.1.1.0,', '112, CurrentState:112']"
1501,2016-09-29,02:04:00,Info,CBS,Session: 30546354_2960071487 initialized by client WindowsUpdateAgent.,08fb5d73,Session: <*> initialized by client WindowsUpdateAgent.,['30546354_2960071487']
1502,2016-09-29,02:04:00,Info,CBS,"Read out cached package applicability for package: Package_for_KB2560656~31bf3856ad364e35~amd64~~6.1.1.2, ApplicableState: 112, CurrentState:112",28e57347,Read out cached package applicability for package: <*> ApplicableState: <*> <*>,"['Package_for_KB2560656~31bf3856ad364e35~amd64~~6.1.1.2,', '112, CurrentState:112']"
1503,2016-09-29,02:04:00,Info,CBS,Session: 30546354_2961511569 initialized by client WindowsUpdateAgent.,08fb5d73,Session: <*> initialized by client WindowsUpdateAgent.,['30546354_2961511569']
1504,2016-09-29,02:04:00,Info,CBS,"Read out cached package applicability for package: Package_for_KB3184471~31bf3856ad364e35~amd64~~6.1.1.1, ApplicableState: 0, CurrentState:0",28e57347,Read out cached package applicability for package: <*> ApplicableState: <*> <*>,"['Package_for_KB3184471~31bf3856ad364e35~amd64~~6.1.1.1,', '0, CurrentState:0']"
1505,2016-09-29,02:04:00,Info,CBS,Session: 30546354_2965511798 initialized by client WindowsUpdateAgent.,08fb5d73,Session: <*> initialized by client WindowsUpdateAgent.,['30546354_2965511798']
1506,2016-09-29,02:04:00,Info,CBS,"Read out cached package applicability for package: Package_for_KB3146963~31bf3856ad364e35~amd64~~6.1.1.0, ApplicableState: 112, CurrentState:112",28e57347,Read out cached package applicability for package: <*> ApplicableState: <*> <*>,"['Package_for_KB3146963~31bf3856ad364e35~amd64~~6.1.1.0,', '112, CurrentState:112']"
1507,2016-09-29,02:04:00,Info,CBS,Session: 30546354_2965591803 initialized by client WindowsUpdateAgent.,08fb5d73,Session: <*> initialized by client WindowsUpdateAgent.,['30546354_2965591803']
1508,2016-09-29,02:04:00,Info,CBS,"Read out cached package applicability for package: Package_for_KB2918077~31bf3856ad364e35~amd64~~6.1.1.0, ApplicableState: 112, CurrentState:112",28e57347,Read out cached package applicability for package: <*> ApplicableState: <*> <*>,"['Package_for_KB2918077~31bf3856ad364e35~amd64~~6.1.1.0,', '112, CurrentState:112']"
1509,2016-09-29,02:04:00,Info,CBS,Session: 30546354_2966751869 initialized by client WindowsUpdateAgent.,08fb5d73,Session: <*> initialized by client WindowsUpdateAgent.,['30546354_2966751869']
1510,2016-09-29,02:04:00,Info,CBS,"Read out cached package applicability for package: Package_for_KB2716513~31bf3856ad364e35~amd64~~6.1.1.0, ApplicableState: 80, CurrentState:0",28e57347,Read out cached package applicability for package: <*> ApplicableState: <*> <*>,"['Package_for_KB2716513~31bf3856ad364e35~amd64~~6.1.1.0,', '80, CurrentState:0']"
1511,2016-09-29,02:04:00,Info,CBS,Session: 30546354_2966921879 initialized by client WindowsUpdateAgent.,08fb5d73,Session: <*> initialized by client WindowsUpdateAgent.,['30546354_2966921879']
1512,2016-09-29,02:04:00,Info,CBS,"Read out cached package applicability for package: Package_for_KB2489256~31bf3856ad364e35~amd64~~6.1.1.1, ApplicableState: 80, CurrentState:0",28e57347,Read out cached package applicability for package: <*> ApplicableState: <*> <*>,"['Package_for_KB2489256~31bf3856ad364e35~amd64~~6.1.1.1,', '80, CurrentState:0']"
1513,2016-09-29,02:04:00,Info,CBS,Session: 30546354_2967631919 initialized by client WindowsUpdateAgent.,08fb5d73,Session: <*> initialized by client WindowsUpdateAgent.,['30546354_2967631919']
1514,2016-09-29,02:04:00,Info,CBS,"Read out cached package applicability for package: Package_for_KB3138962~31bf3856ad364e35~amd64~~6.1.1.0, ApplicableState: 80, CurrentState:112",28e57347,Read out cached package applicability for package: <*> ApplicableState: <*> <*>,"['Package_for_KB3138962~31bf3856ad364e35~amd64~~6.1.1.0,', '80, CurrentState:112']"
1515,2016-09-29,02:04:00,Info,CBS,Session: 30546354_2967771927 initialized by client WindowsUpdateAgent.,08fb5d73,Session: <*> initialized by client WindowsUpdateAgent.,['30546354_2967771927']
1516,2016-09-29,02:04:00,Info,CBS,"Read out cached package applicability for package: Package_for_KB2552343~31bf3856ad364e35~amd64~~6.1.1.0, ApplicableState: 112, CurrentState:112",28e57347,Read out cached package applicability for package: <*> ApplicableState: <*> <*>,"['Package_for_KB2552343~31bf3856ad364e35~amd64~~6.1.1.0,', '112, CurrentState:112']"
1517,2016-09-29,02:04:01,Info,CBS,Session: 30546354_2968461967 initialized by client WindowsUpdateAgent.,08fb5d73,Session: <*> initialized by client WindowsUpdateAgent.,['30546354_2968461967']
1518,2016-09-29,02:04:01,Info,CBS,"Read out cached package applicability for package: Package_for_KB3059317~31bf3856ad364e35~amd64~~6.1.1.0, ApplicableState: 112, CurrentState:112",28e57347,Read out cached package applicability for package: <*> ApplicableState: <*> <*>,"['Package_for_KB3059317~31bf3856ad364e35~amd64~~6.1.1.0,', '112, CurrentState:112']"
1519,2016-09-29,02:04:01,Info,CBS,Session: 30546354_2968771985 initialized by client WindowsUpdateAgent.,08fb5d73,Session: <*> initialized by client WindowsUpdateAgent.,['30546354_2968771985']
1520,2016-09-29,02:04:01,Info,CBS,"Read out cached package applicability for package: Package_for_KB2973201~31bf3856ad364e35~amd64~~6.1.1.2, ApplicableState: 112, CurrentState:112",28e57347,Read out cached package applicability for package: <*> ApplicableState: <*> <*>,"['Package_for_KB2973201~31bf3856ad364e35~amd64~~6.1.1.2,', '112, CurrentState:112']"
1521,2016-09-29,02:04:01,Info,CBS,Session: 30546354_2968971996 initialized by client WindowsUpdateAgent.,08fb5d73,Session: <*> initialized by client WindowsUpdateAgent.,['30546354_2968971996']
1522,2016-09-29,02:04:01,Info,CBS,"Read out cached package applicability for package: Package_for_KB3072305~31bf3856ad364e35~amd64~~6.1.1.2, ApplicableState: 112, CurrentState:112",28e57347,Read out cached package applicability for package: <*> ApplicableState: <*> <*>,"['Package_for_KB3072305~31bf3856ad364e35~amd64~~6.1.1.2,', '112, CurrentState:112']"
1523,2016-09-29,02:04:01,Info,CBS,Session: 30546354_2970472082 initialized by client WindowsUpdateAgent.,08fb5d73,Session: <*> initialized by client WindowsUpdateAgent.,['30546354_2970472082']
1524,2016-09-29,02:04:01,Info,CBS,"Read out cached package applicability for package: Package_for_KB3078667~31bf3856ad364e35~amd64~~6.1.1.0, ApplicableState: 112, CurrentState:112",28e57347,Read out cached package applicability for package: <*> ApplicableState: <*> <*>,"['Package_for_KB3078667~31bf3856ad364e35~amd64~~6.1.1.0,', '112, CurrentState:112']"
1525,2016-09-29,02:04:01,Info,CBS,Session: 30546354_2971152121 initialized by client WindowsUpdateAgent.,08fb5d73,Session: <*> initialized by client WindowsUpdateAgent.,['30546354_2971152121']
1526,2016-09-29,02:04:01,Info,CBS,"Read out cached package applicability for package: Package_for_KB3020369~31bf3856ad364e35~amd64~~6.1.1.1, ApplicableState: 80, CurrentState:112",28e57347,Read out cached package applicability for package: <*> ApplicableState: <*> <*>,"['Package_for_KB3020369~31bf3856ad364e35~amd64~~6.1.1.1,', '80, CurrentState:112']"
1527,2016-09-29,02:04:01,Info,CBS,Session: 30546354_2972312187 initialized by client WindowsUpdateAgent.,08fb5d73,Session: <*> initialized by client WindowsUpdateAgent.,['30546354_2972312187']
1528,2016-09-29,02:04:01,Info,CBS,"Read out cached package applicability for package: Package_for_KB2943357~31bf3856ad364e35~amd64~~6.1.1.3, ApplicableState: 112, CurrentState:112",28e57347,Read out cached package applicability for package: <*> ApplicableState: <*> <*>,"['Package_for_KB2943357~31bf3856ad364e35~amd64~~6.1.1.3,', '112, CurrentState:112']"
1529,2016-09-29,02:04:01,Info,CBS,Session: 30546354_2973852275 initialized by client WindowsUpdateAgent.,08fb5d73,Session: <*> initialized by client WindowsUpdateAgent.,['30546354_2973852275']
1530,2016-09-29,02:04:01,Info,CBS,"Read out cached package applicability for package: Package_for_KB3168965~31bf3856ad364e35~amd64~~6.1.1.2, ApplicableState: 80, CurrentState:112",28e57347,Read out cached package applicability for package: <*> ApplicableState: <*> <*>,"['Package_for_KB3168965~31bf3856ad364e35~amd64~~6.1.1.2,', '80, CurrentState:112']"
1531,2016-09-29,02:04:01,Info,CBS,Session: 30546354_2973972282 initialized by client WindowsUpdateAgent.,08fb5d73,Session: <*> initialized by client WindowsUpdateAgent.,['30546354_2973972282']
1532,2016-09-29,02:04:01,Info,CBS,"Read out cached package applicability for package: Package_for_KB2620704~31bf3856ad364e35~amd64~~6.1.1.0, ApplicableState: 112, CurrentState:112",28e57347,Read out cached package applicability for package: <*> ApplicableState: <*> <*>,"['Package_for_KB2620704~31bf3856ad364e35~amd64~~6.1.1.0,', '112, CurrentState:112']"
1533,2016-09-29,02:04:01,Info,CBS,Session: 30546354_2975752384 initialized by client WindowsUpdateAgent.,08fb5d73,Session: <*> initialized by client WindowsUpdateAgent.,['30546354_2975752384']
1534,2016-09-29,02:04:01,Info,CBS,"Read out cached package applicability for package: Microsoft-Windows-PlatformUpdate-Win7-SRV08R2-Package-TopLevel~31bf3856ad364e35~amd64~~7.1.7601.16492, ApplicableState: 112, CurrentState:112",28e57347,Read out cached package applicability for package: <*> ApplicableState: <*> <*>,"['Microsoft-Windows-PlatformUpdate-Win7-SRV08R2-Package-TopLevel~31bf3856ad364e35~amd64~~7.1.7601.16492,', '112, CurrentState:112']"
1535,2016-09-29,02:04:01,Info,CBS,Session: 30546354_2976462424 initialized by client WindowsUpdateAgent.,08fb5d73,Session: <*> initialized by client WindowsUpdateAgent.,['30546354_2976462424']
1536,2016-09-29,02:04:01,Info,CBS,"Read out cached package applicability for package: Package_for_KB2763523~31bf3856ad364e35~amd64~~6.1.1.1, ApplicableState: 112, CurrentState:112",28e57347,Read out cached package applicability for package: <*> ApplicableState: <*> <*>,"['Package_for_KB2763523~31bf3856ad364e35~amd64~~6.1.1.1,', '112, CurrentState:112']"
1537,2016-09-29,02:04:02,Info,CBS,Session: 30546354_2979852618 initialized by client WindowsUpdateAgent.,08fb5d73,Session: <*> initialized by client WindowsUpdateAgent.,['30546354_2979852618']
1538,2016-09-29,02:04:02,Info,CBS,"Read out cached package applicability for package: Package_for_KB3075220~31bf3856ad364e35~amd64~~6.1.1.0, ApplicableState: 80, CurrentState:0",28e57347,Read out cached package applicability for package: <*> ApplicableState: <*> <*>,"['Package_for_KB3075220~31bf3856ad364e35~amd64~~6.1.1.0,', '80, CurrentState:0']"
1539,2016-09-29,02:04:02,Info,CBS,Session: 30546354_2981802730 initialized by client WindowsUpdateAgent.,08fb5d73,Session: <*> initialized by client WindowsUpdateAgent.,['30546354_2981802730']
1540,2016-09-29,02:04:02,Info,CBS,"Read out cached package applicability for package: Package_for_KB2813347~31bf3856ad364e35~amd64~~6.1.1.0, ApplicableState: 112, CurrentState:112",28e57347,Read out cached package applicability for package: <*> ApplicableState: <*> <*>,"['Package_for_KB2813347~31bf3856ad364e35~amd64~~6.1.1.0,', '112, CurrentState:112']"
1541,2016-09-29,02:04:02,Info,CBS,Session: 30546354_2983612833 initialized by client WindowsUpdateAgent.,08fb5d73,Session: <*> initialized by client WindowsUpdateAgent.,['30546354_2983612833']
1542,2016-09-29,02:04:02,Info,CBS,"Read out cached package applicability for package: Package_for_KB3080446~31bf3856ad364e35~amd64~~6.1.1.2, ApplicableState: 80, CurrentState:112",28e57347,Read out cached package applicability for package: <*> ApplicableState: <*> <*>,"['Package_for_KB3080446~31bf3856ad364e35~amd64~~6.1.1.2,', '80, CurrentState:112']"
1543,2016-09-29,02:04:02,Info,CBS,Session: 30546354_2984842904 initialized by client WindowsUpdateAgent.,08fb5d73,Session: <*> initialized by client WindowsUpdateAgent.,['30546354_2984842904']
1544,2016-09-29,02:04:02,Info,CBS,"Read out cached package applicability for package: Package_for_KB2515325~31bf3856ad364e35~amd64~~6.1.1.0, ApplicableState: 80, CurrentState:112",28e57347,Read out cached package applicability for package: <*> ApplicableState: <*> <*>,"['Package_for_KB2515325~31bf3856ad364e35~amd64~~6.1.1.0,', '80, CurrentState:112']"
1545,2016-09-29,02:04:02,Info,CBS,Session: 30546354_2984902907 initialized by client WindowsUpdateAgent.,08fb5d73,Session: <*> initialized by client WindowsUpdateAgent.,['30546354_2984902907']
1546,2016-09-29,02:04:02,Info,CBS,"Read out cached package applicability for package: Package_for_KB2957189~31bf3856ad364e35~amd64~~6.1.1.1, ApplicableState: 80, CurrentState:112",28e57347,Read out cached package applicability for package: <*> ApplicableState: <*> <*>,"['Package_for_KB2957189~31bf3856ad364e35~amd64~~6.1.1.1,', '80, CurrentState:112']"
1547,2016-09-29,02:04:02,Info,CBS,Session: 30546354_2985172923 initialized by client WindowsUpdateAgent.,08fb5d73,Session: <*> initialized by client WindowsUpdateAgent.,['30546354_2985172923']
1548,2016-09-29,02:04:02,Info,CBS,"Read out cached package applicability for package: Package_for_KB2718704~31bf3856ad364e35~amd64~~6.1.1.0, ApplicableState: 80, CurrentState:112",28e57347,Read out cached package applicability for package: <*> ApplicableState: <*> <*>,"['Package_for_KB2718704~31bf3856ad364e35~amd64~~6.1.1.0,', '80, CurrentState:112']"
1549,2016-09-29,02:04:02,Info,CBS,Session: 30546354_2986142978 initialized by client WindowsUpdateAgent.,08fb5d73,Session: <*> initialized by client WindowsUpdateAgent.,['30546354_2986142978']
1550,2016-09-29,02:04:02,Info,CBS,"Read out cached package applicability for package: Package_for_KB2479943~31bf3856ad364e35~amd64~~6.1.1.0, ApplicableState: 112, CurrentState:112",28e57347,Read out cached package applicability for package: <*> ApplicableState: <*> <*>,"['Package_for_KB2479943~31bf3856ad364e35~amd64~~6.1.1.0,', '112, CurrentState:112']"
1551,2016-09-29,02:04:02,Info,CBS,Session: 30546354_2986352990 initialized by client WindowsUpdateAgent.,08fb5d73,Session: <*> initialized by client WindowsUpdateAgent.,['30546354_2986352990']
1552,2016-09-29,02:04:02,Info,CBS,"Read out cached package applicability for package: Package_for_KB3138612~31bf3856ad364e35~amd64~~6.1.1.1, ApplicableState: 112, CurrentState:112",28e57347,Read out cached package applicability for package: <*> ApplicableState: <*> <*>,"['Package_for_KB3138612~31bf3856ad364e35~amd64~~6.1.1.1,', '112, CurrentState:112']"
1553,2016-09-29,02:04:03,Info,CBS,Session: 30546354_2988103090 initialized by client WindowsUpdateAgent.,08fb5d73,Session: <*> initialized by client WindowsUpdateAgent.,['30546354_2988103090']
1554,2016-09-29,02:04:03,Info,CBS,"Read out cached package applicability for package: Microsoft-Hyper-V-Integration-Services-Package~31bf3856ad364e35~amd64~~6.3.9600.17681, ApplicableState: 112, CurrentState:0",28e57347,Read out cached package applicability for package: <*> ApplicableState: <*> <*>,"['Microsoft-Hyper-V-Integration-Services-Package~31bf3856ad364e35~amd64~~6.3.9600.17681,', '112, CurrentState:0']"
1555,2016-09-29,02:04:03,Info,CBS,Session: 30546354_2989623177 initialized by client WindowsUpdateAgent.,08fb5d73,Session: <*> initialized by client WindowsUpdateAgent.,['30546354_2989623177']
1556,2016-09-29,02:04:03,Info,CBS,"Read out cached package applicability for package: Package_for_KB3107998~31bf3856ad364e35~amd64~~6.1.1.2, ApplicableState: 112, CurrentState:112",28e57347,Read out cached package applicability for package: <*> ApplicableState: <*> <*>,"['Package_for_KB3107998~31bf3856ad364e35~amd64~~6.1.1.2,', '112, CurrentState:112']"
1557,2016-09-29,02:04:04,Info,CBS,Session: 30546354_2999883764 initialized by client WindowsUpdateAgent.,08fb5d73,Session: <*> initialized by client WindowsUpdateAgent.,['30546354_2999883764']
1558,2016-09-29,02:04:04,Info,CBS,"Read out cached package applicability for package: Package_for_KB3071756~31bf3856ad364e35~amd64~~6.1.1.2, ApplicableState: 112, CurrentState:112",28e57347,Read out cached package applicability for package: <*> ApplicableState: <*> <*>,"['Package_for_KB3071756~31bf3856ad364e35~amd64~~6.1.1.2,', '112, CurrentState:112']"
1559,2016-09-29,02:04:04,Info,CBS,Session: 30546354_3005294074 initialized by client WindowsUpdateAgent.,08fb5d73,Session: <*> initialized by client WindowsUpdateAgent.,['30546354_3005294074']
1560,2016-09-29,02:04:04,Info,CBS,"Read out cached package applicability for package: Package_for_KB2840631~31bf3856ad364e35~amd64~~6.1.1.0, ApplicableState: 112, CurrentState:112",28e57347,Read out cached package applicability for package: <*> ApplicableState: <*> <*>,"['Package_for_KB2840631~31bf3856ad364e35~amd64~~6.1.1.0,', '112, CurrentState:112']"
1561,2016-09-29,02:04:04,Info,CBS,Session: 30546354_3007094176 initialized by client WindowsUpdateAgent.,08fb5d73,Session: <*> initialized by client WindowsUpdateAgent.,['30546354_3007094176']
1562,2016-09-29,02:04:04,Info,CBS,"Read out cached package applicability for package: Package_for_KB2631813~31bf3856ad364e35~amd64~~6.1.1.1, ApplicableState: 112, CurrentState:112",28e57347,Read out cached package applicability for package: <*> ApplicableState: <*> <*>,"['Package_for_KB2631813~31bf3856ad364e35~amd64~~6.1.1.1,', '112, CurrentState:112']"
1563,2016-09-29,02:04:04,Info,CBS,Session: 30546354_3007214183 initialized by client WindowsUpdateAgent.,08fb5d73,Session: <*> initialized by client WindowsUpdateAgent.,['30546354_3007214183']
1564,2016-09-29,02:04:04,Info,CBS,"Read out cached package applicability for package: Package_for_KB2640148~31bf3856ad364e35~amd64~~6.1.2.0, ApplicableState: 112, CurrentState:112",28e57347,Read out cached package applicability for package: <*> ApplicableState: <*> <*>,"['Package_for_KB2640148~31bf3856ad364e35~amd64~~6.1.2.0,', '112, CurrentState:112']"
1565,2016-09-29,02:04:05,Info,CBS,Session: 30546354_3008284245 initialized by client WindowsUpdateAgent.,08fb5d73,Session: <*> initialized by client WindowsUpdateAgent.,['30546354_3008284245']
1566,2016-09-29,02:04:05,Info,CBS,"Read out cached package applicability for package: Package_for_KB3093513~31bf3856ad364e35~amd64~~6.1.1.0, ApplicableState: 112, CurrentState:112",28e57347,Read out cached package applicability for package: <*> ApplicableState: <*> <*>,"['Package_for_KB3093513~31bf3856ad364e35~amd64~~6.1.1.0,', '112, CurrentState:112']"
1567,2016-09-29,02:04:05,Info,CBS,Session: 30546354_3008494257 initialized by client WindowsUpdateAgent.,08fb5d73,Session: <*> initialized by client WindowsUpdateAgent.,['30546354_3008494257']
1568,2016-09-29,02:04:05,Info,CBS,"Read out cached package applicability for package: Package_for_KB2894844~31bf3856ad364e35~amd64~~6.1.1.1, ApplicableState: 112, CurrentState:112",28e57347,Read out cached package applicability for package: <*> ApplicableState: <*> <*>,"['Package_for_KB2894844~31bf3856ad364e35~amd64~~6.1.1.1,', '112, CurrentState:112']"
1569,2016-09-29,02:04:05,Info,CBS,Session: 30546354_3009694325 initialized by client WindowsUpdateAgent.,08fb5d73,Session: <*> initialized by client WindowsUpdateAgent.,['30546354_3009694325']
1570,2016-09-29,02:04:05,Info,CBS,"Read out cached package applicability for package: Package_for_KB3108670~31bf3856ad364e35~amd64~~6.1.1.0, ApplicableState: 112, CurrentState:112",28e57347,Read out cached package applicability for package: <*> ApplicableState: <*> <*>,"['Package_for_KB3108670~31bf3856ad364e35~amd64~~6.1.1.0,', '112, CurrentState:112']"
1571,2016-09-29,02:04:07,Info,CBS,Session: 30546354_3037265902 initialized by client WindowsUpdateAgent.,08fb5d73,Session: <*> initialized by client WindowsUpdateAgent.,['30546354_3037265902']
1572,2016-09-29,02:04:07,Info,CBS,"Read out cached package applicability for package: Package_for_KB2547666~31bf3856ad364e35~amd64~~6.1.1.0, ApplicableState: 112, CurrentState:112",28e57347,Read out cached package applicability for package: <*> ApplicableState: <*> <*>,"['Package_for_KB2547666~31bf3856ad364e35~amd64~~6.1.1.0,', '112, CurrentState:112']"
1573,2016-09-29,02:04:08,Info,CBS,Session: 30546354_3041116122 initialized by client WindowsUpdateAgent.,08fb5d73,Session: <*> initialized by client WindowsUpdateAgent.,['30546354_3041116122']
1574,2016-09-29,02:04:08,Info,CBS,"Read out cached package applicability for package: Package_for_KB2798162~31bf3856ad364e35~amd64~~6.1.1.5, ApplicableState: 80, CurrentState:112",28e57347,Read out cached package applicability for package: <*> ApplicableState: <*> <*>,"['Package_for_KB2798162~31bf3856ad364e35~amd64~~6.1.1.5,', '80, CurrentState:112']"
1575,2016-09-29,02:04:08,Info,CBS,Session: 30546354_3044096293 initialized by client WindowsUpdateAgent.,08fb5d73,Session: <*> initialized by client WindowsUpdateAgent.,['30546354_3044096293']
1576,2016-09-29,02:04:08,Info,CBS,"Read out cached package applicability for package: Package_for_KB2574819~31bf3856ad364e35~amd64~~6.1.2.0, ApplicableState: 112, CurrentState:112",28e57347,Read out cached package applicability for package: <*> ApplicableState: <*> <*>,"['Package_for_KB2574819~31bf3856ad364e35~amd64~~6.1.2.0,', '112, CurrentState:112']"
1577,2016-09-29,02:04:08,Info,CBS,Session: 30546354_3044886338 initialized by client WindowsUpdateAgent.,08fb5d73,Session: <*> initialized by client WindowsUpdateAgent.,['30546354_3044886338']
1578,2016-09-29,02:04:08,Info,CBS,"Read out cached package applicability for package: Microsoft-Windows-RDP-BlueIP-Package-TopLevel~31bf3856ad364e35~amd64~~7.2.7601.16415, ApplicableState: 112, CurrentState:112",28e57347,Read out cached package applicability for package: <*> ApplicableState: <*> <*>,"['Microsoft-Windows-RDP-BlueIP-Package-TopLevel~31bf3856ad364e35~amd64~~7.2.7601.16415,', '112, CurrentState:112']"
1579,2016-09-29,02:04:08,Info,CBS,Session: 30546354_3045146353 initialized by client WindowsUpdateAgent.,08fb5d73,Session: <*> initialized by client WindowsUpdateAgent.,['30546354_3045146353']
1580,2016-09-29,02:04:08,Info,CBS,"Read out cached package applicability for package: Package_for_KB2857650~31bf3856ad364e35~amd64~~6.1.1.1, ApplicableState: 112, CurrentState:112",28e57347,Read out cached package applicability for package: <*> ApplicableState: <*> <*>,"['Package_for_KB2857650~31bf3856ad364e35~amd64~~6.1.1.1,', '112, CurrentState:112']"
1581,2016-09-29,02:04:08,Info,CBS,Session: 30546354_3047006459 initialized by client WindowsUpdateAgent.,08fb5d73,Session: <*> initialized by client WindowsUpdateAgent.,['30546354_3047006459']
1582,2016-09-29,02:04:08,Info,CBS,"Read out cached package applicability for package: Package_for_KB3118401~31bf3856ad364e35~amd64~~6.1.1.1, ApplicableState: 112, CurrentState:112",28e57347,Read out cached package applicability for package: <*> ApplicableState: <*> <*>,"['Package_for_KB3118401~31bf3856ad364e35~amd64~~6.1.1.1,', '112, CurrentState:112']"
1583,2016-09-29,02:04:08,Info,CBS,Session: 30546354_3047216471 initialized by client WindowsUpdateAgent.,08fb5d73,Session: <*> initialized by client WindowsUpdateAgent.,['30546354_3047216471']
1584,2016-09-29,02:04:08,Info,CBS,"Read out cached package applicability for package: Package_for_KB2585542~31bf3856ad364e35~amd64~~6.1.1.3, ApplicableState: 80, CurrentState:112",28e57347,Read out cached package applicability for package: <*> ApplicableState: <*> <*>,"['Package_for_KB2585542~31bf3856ad364e35~amd64~~6.1.1.3,', '80, CurrentState:112']"
1585,2016-09-29,02:04:09,Info,CBS,Session: 30546354_3048226529 initialized by client WindowsUpdateAgent.,08fb5d73,Session: <*> initialized by client WindowsUpdateAgent.,['30546354_3048226529']
1586,2016-09-29,02:04:09,Info,CBS,"Read out cached package applicability for package: Package_for_KB2931356~31bf3856ad364e35~amd64~~6.1.1.0, ApplicableState: 112, CurrentState:112",28e57347,Read out cached package applicability for package: <*> ApplicableState: <*> <*>,"['Package_for_KB2931356~31bf3856ad364e35~amd64~~6.1.1.0,', '112, CurrentState:112']"
1587,2016-09-29,02:04:09,Info,CBS,Session: 30546354_3049686613 initialized by client WindowsUpdateAgent.,08fb5d73,Session: <*> initialized by client WindowsUpdateAgent.,['30546354_3049686613']
1588,2016-09-29,02:04:09,Info,CBS,"Read out cached package applicability for package: Package_for_KB2900986~31bf3856ad364e35~amd64~~6.1.1.1, ApplicableState: 112, CurrentState:112",28e57347,Read out cached package applicability for package: <*> ApplicableState: <*> <*>,"['Package_for_KB2900986~31bf3856ad364e35~amd64~~6.1.1.1,', '112, CurrentState:112']"
1589,2016-09-29,02:04:09,Info,CBS,Session: 30546354_3050066634 initialized by client WindowsUpdateAgent.,08fb5d73,Session: <*> initialized by client WindowsUpdateAgent.,['30546354_3050066634']
1590,2016-09-29,02:04:09,Info,CBS,"Read out cached package applicability for package: Package_for_KB2985461~31bf3856ad364e35~amd64~~6.1.1.0, ApplicableState: 112, CurrentState:112",28e57347,Read out cached package applicability for package: <*> ApplicableState: <*> <*>,"['Package_for_KB2985461~31bf3856ad364e35~amd64~~6.1.1.0,', '112, CurrentState:112']"
1591,2016-09-29,02:04:10,Info,CBS,Session: 30546354_3058807134 initialized by client WindowsUpdateAgent.,08fb5d73,Session: <*> initialized by client WindowsUpdateAgent.,['30546354_3058807134']
1592,2016-09-29,02:04:10,Info,CBS,"Read out cached package applicability for package: Package_for_KB3092601~31bf3856ad364e35~amd64~~6.1.1.0, ApplicableState: 112, CurrentState:112",28e57347,Read out cached package applicability for package: <*> ApplicableState: <*> <*>,"['Package_for_KB3092601~31bf3856ad364e35~amd64~~6.1.1.0,', '112, CurrentState:112']"
1593,2016-09-29,02:04:10,Info,CBS,Session: 30546354_3061267275 initialized by client WindowsUpdateAgent.,08fb5d73,Session: <*> initialized by client WindowsUpdateAgent.,['30546354_3061267275']
1594,2016-09-29,02:04:10,Info,CBS,"Read out cached package applicability for package: Package_for_KB2836942~31bf3856ad364e35~amd64~~6.1.1.0, ApplicableState: 80, CurrentState:112",28e57347,Read out cached package applicability for package: <*> ApplicableState: <*> <*>,"['Package_for_KB2836942~31bf3856ad364e35~amd64~~6.1.1.0,', '80, CurrentState:112']"
1595,2016-09-29,02:04:10,Info,CBS,Session: 30546354_3061697300 initialized by client WindowsUpdateAgent.,08fb5d73,Session: <*> initialized by client WindowsUpdateAgent.,['30546354_3061697300']
1596,2016-09-29,02:04:10,Info,CBS,"Read out cached package applicability for package: Package_for_KB2937610~31bf3856ad364e35~amd64~~6.1.1.3, ApplicableState: 112, CurrentState:112",28e57347,Read out cached package applicability for package: <*> ApplicableState: <*> <*>,"['Package_for_KB2937610~31bf3856ad364e35~amd64~~6.1.1.3,', '112, CurrentState:112']"
1597,2016-09-29,02:04:10,Info,CBS,Session: 30546354_3063077379 initialized by client WindowsUpdateAgent.,08fb5d73,Session: <*> initialized by client WindowsUpdateAgent.,['30546354_3063077379']
1598,2016-09-29,02:04:10,Info,CBS,"Read out cached package applicability for package: Package_for_KB3035126~31bf3856ad364e35~amd64~~6.1.1.2, ApplicableState: 112, CurrentState:112",28e57347,Read out cached package applicability for package: <*> ApplicableState: <*> <*>,"['Package_for_KB3035126~31bf3856ad364e35~amd64~~6.1.1.2,', '112, CurrentState:112']"
1599,2016-09-29,02:04:10,Info,CBS,Session: 30546354_3066077550 initialized by client WindowsUpdateAgent.,08fb5d73,Session: <*> initialized by client WindowsUpdateAgent.,['30546354_3066077550']
1600,2016-09-29,02:04:10,Info,CBS,"Read out cached package applicability for package: Package_for_KB3076895~31bf3856ad364e35~amd64~~6.1.1.1, ApplicableState: 80, CurrentState:112",28e57347,Read out cached package applicability for package: <*> ApplicableState: <*> <*>,"['Package_for_KB3076895~31bf3856ad364e35~amd64~~6.1.1.1,', '80, CurrentState:112']"
1601,2016-09-29,02:04:10,Info,CBS,Session: 30546354_3067097608 initialized by client WindowsUpdateAgent.,08fb5d73,Session: <*> initialized by client WindowsUpdateAgent.,['30546354_3067097608']
1602,2016-09-29,02:04:10,Info,CBS,"Read out cached package applicability for package: Package_for_KB3021674~31bf3856ad364e35~amd64~~6.1.1.2, ApplicableState: 112, CurrentState:112",28e57347,Read out cached package applicability for package: <*> ApplicableState: <*> <*>,"['Package_for_KB3021674~31bf3856ad364e35~amd64~~6.1.1.2,', '112, CurrentState:112']"
1603,2016-09-29,02:04:10,Info,CBS,Session: 30546354_3067367624 initialized by client WindowsUpdateAgent.,08fb5d73,Session: <*> initialized by client WindowsUpdateAgent.,['30546354_3067367624']
1604,2016-09-29,02:04:10,Info,CBS,"Read out cached package applicability for package: Package_for_KB2919469~31bf3856ad364e35~amd64~~6.1.1.0, ApplicableState: 112, CurrentState:112",28e57347,Read out cached package applicability for package: <*> ApplicableState: <*> <*>,"['Package_for_KB2919469~31bf3856ad364e35~amd64~~6.1.1.0,', '112, CurrentState:112']"
1605,2016-09-29,02:04:11,Info,CBS,Session: 30546354_3070257789 initialized by client WindowsUpdateAgent.,08fb5d73,Session: <*> initialized by client WindowsUpdateAgent.,['30546354_3070257789']
1606,2016-09-29,02:04:11,Info,CBS,"Read out cached package applicability for package: Package_for_KB2823180~31bf3856ad364e35~amd64~~6.1.1.0, ApplicableState: 0, CurrentState:0",28e57347,Read out cached package applicability for package: <*> ApplicableState: <*> <*>,"['Package_for_KB2823180~31bf3856ad364e35~amd64~~6.1.1.0,', '0, CurrentState:0']"
1607,2016-09-29,02:04:11,Info,CBS,Session: 30546354_3070387797 initialized by client WindowsUpdateAgent.,08fb5d73,Session: <*> initialized by client WindowsUpdateAgent.,['30546354_3070387797']
1608,2016-09-29,02:04:11,Info,CBS,"Read out cached package applicability for package: Package_for_KB2809215~31bf3856ad364e35~amd64~~6.1.1.1, ApplicableState: 112, CurrentState:0",28e57347,Read out cached package applicability for package: <*> ApplicableState: <*> <*>,"['Package_for_KB2809215~31bf3856ad364e35~amd64~~6.1.1.1,', '112, CurrentState:0']"
1609,2016-09-29,02:04:11,Info,CBS,Session: 30546354_3070417798 initialized by client WindowsUpdateAgent.,08fb5d73,Session: <*> initialized by client WindowsUpdateAgent.,['30546354_3070417798']
1610,2016-09-29,02:04:11,Info,CBS,Failed to internally open package. [HRESULT = 0x800f0805 - CBS_E_INVALID_PACKAGE],39c8b4cc,Failed to internally open package. [HRESULT = <*>- CBS_E_INVALID_PACKAGE],['0x800f0805 ']
1611,2016-09-29,02:04:11,Info,CBS,Session: 30546354_3070457801 initialized by client WindowsUpdateAgent.,08fb5d73,Session: <*> initialized by client WindowsUpdateAgent.,['30546354_3070457801']
1612,2016-09-29,02:04:11,Info,CBS,"Read out cached package applicability for package: Package_for_KB2809900~31bf3856ad364e35~amd64~~6.1.1.0, ApplicableState: 0, CurrentState:0",28e57347,Read out cached package applicability for package: <*> ApplicableState: <*> <*>,"['Package_for_KB2809900~31bf3856ad364e35~amd64~~6.1.1.0,', '0, CurrentState:0']"
1613,2016-09-29,02:04:11,Info,CBS,Session: 30546354_3070727816 initialized by client WindowsUpdateAgent.,08fb5d73,Session: <*> initialized by client WindowsUpdateAgent.,['30546354_3070727816']
1614,2016-09-29,02:04:11,Info,CBS,"Read out cached package applicability for package: Package_for_KB3150220~31bf3856ad364e35~amd64~~6.1.1.1, ApplicableState: 112, CurrentState:112",28e57347,Read out cached package applicability for package: <*> ApplicableState: <*> <*>,"['Package_for_KB3150220~31bf3856ad364e35~amd64~~6.1.1.1,', '112, CurrentState:112']"
1615,2016-09-29,02:04:11,Info,CBS,Session: 30546354_3072147897 initialized by client WindowsUpdateAgent.,08fb5d73,Session: <*> initialized by client WindowsUpdateAgent.,['30546354_3072147897']
1616,2016-09-29,02:04:11,Info,CBS,"Read out cached package applicability for package: Package_for_KB3175024~31bf3856ad364e35~amd64~~6.1.2.0, ApplicableState: 112, CurrentState:112",28e57347,Read out cached package applicability for package: <*> ApplicableState: <*> <*>,"['Package_for_KB3175024~31bf3856ad364e35~amd64~~6.1.2.0,', '112, CurrentState:112']"
1617,2016-09-29,02:04:11,Info,CBS,Session: 30546354_3072677928 initialized by client WindowsUpdateAgent.,08fb5d73,Session: <*> initialized by client WindowsUpdateAgent.,['30546354_3072677928']
1618,2016-09-29,02:04:11,Info,CBS,"Read out cached package applicability for package: Package_for_KB3126446~31bf3856ad364e35~amd64~~6.1.1.0, ApplicableState: 112, CurrentState:112",28e57347,Read out cached package applicability for package: <*> ApplicableState: <*> <*>,"['Package_for_KB3126446~31bf3856ad364e35~amd64~~6.1.1.0,', '112, CurrentState:112']"
1619,2016-09-29,02:04:11,Info,CBS,Session: 30546354_3074888054 initialized by client WindowsUpdateAgent.,08fb5d73,Session: <*> initialized by client WindowsUpdateAgent.,['30546354_3074888054']
1620,2016-09-29,02:04:11,Info,CBS,"Read out cached package applicability for package: Package_for_KB2968294~31bf3856ad364e35~amd64~~6.1.1.1, ApplicableState: 112, CurrentState:112",28e57347,Read out cached package applicability for package: <*> ApplicableState: <*> <*>,"['Package_for_KB2968294~31bf3856ad364e35~amd64~~6.1.1.1,', '112, CurrentState:112']"
1621,2016-09-29,02:04:11,Info,CBS,Session: 30546354_3077138183 initialized by client WindowsUpdateAgent.,08fb5d73,Session: <*> initialized by client WindowsUpdateAgent.,['30546354_3077138183']
1622,2016-09-29,02:04:12,Info,CBS,"Read out cached package applicability for package: Package_for_KB3080079~31bf3856ad364e35~amd64~~6.1.1.1, ApplicableState: 112, CurrentState:112",28e57347,Read out cached package applicability for package: <*> ApplicableState: <*> <*>,"['Package_for_KB3080079~31bf3856ad364e35~amd64~~6.1.1.1,', '112, CurrentState:112']"
1623,2016-09-29,02:04:20,Info,CBS,Session: 30546354_3167883373 initialized by client WindowsUpdateAgent.,08fb5d73,Session: <*> initialized by client WindowsUpdateAgent.,['30546354_3167883373']
1624,2016-09-29,02:04:21,Info,CBS,"Read out cached package applicability for package: Package_for_KB2868626~31bf3856ad364e35~amd64~~6.1.1.2, ApplicableState: 80, CurrentState:112",28e57347,Read out cached package applicability for package: <*> ApplicableState: <*> <*>,"['Package_for_KB2868626~31bf3856ad364e35~amd64~~6.1.1.2,', '80, CurrentState:112']"
1625,2016-09-29,02:04:21,Info,CBS,Session: 30546354_3172813655 initialized by client WindowsUpdateAgent.,08fb5d73,Session: <*> initialized by client WindowsUpdateAgent.,['30546354_3172813655']
1626,2016-09-29,02:04:21,Info,CBS,"Read out cached package applicability for package: Package_for_KB2929733~31bf3856ad364e35~amd64~~6.1.1.0, ApplicableState: 112, CurrentState:112",28e57347,Read out cached package applicability for package: <*> ApplicableState: <*> <*>,"['Package_for_KB2929733~31bf3856ad364e35~amd64~~6.1.1.0,', '112, CurrentState:112']"
1627,2016-09-29,02:04:21,Info,CBS,Session: 30546354_3173223679 initialized by client WindowsUpdateAgent.,08fb5d73,Session: <*> initialized by client WindowsUpdateAgent.,['30546354_3173223679']
1628,2016-09-29,02:04:21,Info,CBS,"Read out cached package applicability for package: Package_for_KB2893294~31bf3856ad364e35~amd64~~6.1.1.1, ApplicableState: 112, CurrentState:112",28e57347,Read out cached package applicability for package: <*> ApplicableState: <*> <*>,"['Package_for_KB2893294~31bf3856ad364e35~amd64~~6.1.1.1,', '112, CurrentState:112']"
1629,2016-09-29,02:04:21,Info,CBS,Session: 30546354_3173453692 initialized by client WindowsUpdateAgent.,08fb5d73,Session: <*> initialized by client WindowsUpdateAgent.,['30546354_3173453692']
1630,2016-09-29,02:04:21,Info,CBS,"Read out cached package applicability for package: Package_for_KB3145739~31bf3856ad364e35~amd64~~6.1.1.1, ApplicableState: 112, CurrentState:112",28e57347,Read out cached package applicability for package: <*> ApplicableState: <*> <*>,"['Package_for_KB3145739~31bf3856ad364e35~amd64~~6.1.1.1,', '112, CurrentState:112']"
1631,2016-09-29,02:04:21,Info,CBS,Session: 30546354_3175093786 initialized by client WindowsUpdateAgent.,08fb5d73,Session: <*> initialized by client WindowsUpdateAgent.,['30546354_3175093786']
1632,2016-09-29,02:04:21,Info,CBS,"Read out cached package applicability for package: Package_for_KB2972211~31bf3856ad364e35~amd64~~6.1.1.0, ApplicableState: 112, CurrentState:112",28e57347,Read out cached package applicability for package: <*> ApplicableState: <*> <*>,"['Package_for_KB2972211~31bf3856ad364e35~amd64~~6.1.1.0,', '112, CurrentState:112']"
1633,2016-09-29,02:04:21,Info,CBS,Session: 30546354_3176343857 initialized by client WindowsUpdateAgent.,08fb5d73,Session: <*> initialized by client WindowsUpdateAgent.,['30546354_3176343857']
1634,2016-09-29,02:04:21,Info,CBS,"Read out cached package applicability for package: Package_for_KB947821~31bf3856ad364e35~amd64~~6.1.34.0, ApplicableState: 112, CurrentState:0",28e57347,Read out cached package applicability for package: <*> ApplicableState: <*> <*>,"['Package_for_KB947821~31bf3856ad364e35~amd64~~6.1.34.0,', '112, CurrentState:0']"
1635,2016-09-29,02:04:21,Info,CBS,Session: 30546354_3176413861 initialized by client WindowsUpdateAgent.,08fb5d73,Session: <*> initialized by client WindowsUpdateAgent.,['30546354_3176413861']
1636,2016-09-29,02:04:21,Info,CBS,"Read out cached package applicability for package: Package_for_KB3020370~31bf3856ad364e35~amd64~~6.1.1.2, ApplicableState: 112, CurrentState:112",28e57347,Read out cached package applicability for package: <*> ApplicableState: <*> <*>,"['Package_for_KB3020370~31bf3856ad364e35~amd64~~6.1.1.2,', '112, CurrentState:112']"
1637,2016-09-29,02:04:22,Info,CBS,Session: 30546354_3178803998 initialized by client WindowsUpdateAgent.,08fb5d73,Session: <*> initialized by client WindowsUpdateAgent.,['30546354_3178803998']
1638,2016-09-29,02:04:22,Info,CBS,"Read out cached package applicability for package: Package_for_KB3003743~31bf3856ad364e35~amd64~~6.1.1.1, ApplicableState: 112, CurrentState:112",28e57347,Read out cached package applicability for package: <*> ApplicableState: <*> <*>,"['Package_for_KB3003743~31bf3856ad364e35~amd64~~6.1.1.1,', '112, CurrentState:112']"
1639,2016-09-29,02:04:22,Info,CBS,Session: 30546354_3181864173 initialized by client WindowsUpdateAgent.,08fb5d73,Session: <*> initialized by client WindowsUpdateAgent.,['30546354_3181864173']
1640,2016-09-29,02:04:22,Info,CBS,"Read out cached package applicability for package: Package_for_KB3020387~31bf3856ad364e35~amd64~~6.1.1.2, ApplicableState: 80, CurrentState:0",28e57347,Read out cached package applicability for package: <*> ApplicableState: <*> <*>,"['Package_for_KB3020387~31bf3856ad364e35~amd64~~6.1.1.2,', '80, CurrentState:0']"
1641,2016-09-29,02:04:22,Info,CBS,Session: 30546354_3182094186 initialized by client WindowsUpdateAgent.,08fb5d73,Session: <*> initialized by client WindowsUpdateAgent.,['30546354_3182094186']
1642,2016-09-29,02:04:22,Info,CBS,"Read out cached package applicability for package: Package_for_KB2884256~31bf3856ad364e35~amd64~~6.1.1.1, ApplicableState: 112, CurrentState:112",28e57347,Read out cached package applicability for package: <*> ApplicableState: <*> <*>,"['Package_for_KB2884256~31bf3856ad364e35~amd64~~6.1.1.1,', '112, CurrentState:112']"
1643,2016-09-29,02:04:22,Info,CBS,Session: 30546354_3183124245 initialized by client WindowsUpdateAgent.,08fb5d73,Session: <*> initialized by client WindowsUpdateAgent.,['30546354_3183124245']
1644,2016-09-29,02:04:22,Info,CBS,"Read out cached package applicability for package: Package_for_KB3163245~31bf3856ad364e35~amd64~~6.1.1.1, ApplicableState: 112, CurrentState:112",28e57347,Read out cached package applicability for package: <*> ApplicableState: <*> <*>,"['Package_for_KB3163245~31bf3856ad364e35~amd64~~6.1.1.1,', '112, CurrentState:112']"
1645,2016-09-29,02:04:22,Info,CBS,Session: 30546354_3183554269 initialized by client WindowsUpdateAgent.,08fb5d73,Session: <*> initialized by client WindowsUpdateAgent.,['30546354_3183554269']
1646,2016-09-29,02:04:22,Info,CBS,"Read out cached package applicability for package: Package_for_KB2660075~31bf3856ad364e35~amd64~~6.1.1.0, ApplicableState: 112, CurrentState:112",28e57347,Read out cached package applicability for package: <*> ApplicableState: <*> <*>,"['Package_for_KB2660075~31bf3856ad364e35~amd64~~6.1.1.0,', '112, CurrentState:112']"
1647,2016-09-29,02:04:22,Info,CBS,Session: 30546354_3183714279 initialized by client WindowsUpdateAgent.,08fb5d73,Session: <*> initialized by client WindowsUpdateAgent.,['30546354_3183714279']
1648,2016-09-29,02:04:22,Info,CBS,"Read out cached package applicability for package: Package_for_KB3022777~31bf3856ad364e35~amd64~~6.1.1.0, ApplicableState: 112, CurrentState:112",28e57347,Read out cached package applicability for package: <*> ApplicableState: <*> <*>,"['Package_for_KB3022777~31bf3856ad364e35~amd64~~6.1.1.0,', '112, CurrentState:112']"
1649,2016-09-29,02:04:22,Info,CBS,Session: 30546354_3184784340 initialized by client WindowsUpdateAgent.,08fb5d73,Session: <*> initialized by client WindowsUpdateAgent.,['30546354_3184784340']
1650,2016-09-29,02:04:22,Info,CBS,"Read out cached package applicability for package: Package_for_KB3161561~31bf3856ad364e35~amd64~~6.1.1.1, ApplicableState: 80, CurrentState:112",28e57347,Read out cached package applicability for package: <*> ApplicableState: <*> <*>,"['Package_for_KB3161561~31bf3856ad364e35~amd64~~6.1.1.1,', '80, CurrentState:112']"
1651,2016-09-29,02:04:22,Info,CBS,Session: 30546354_3185364373 initialized by client WindowsUpdateAgent.,08fb5d73,Session: <*> initialized by client WindowsUpdateAgent.,['30546354_3185364373']
1652,2016-09-29,02:04:22,Info,CBS,"Read out cached package applicability for package: Package_for_KB2800095~31bf3856ad364e35~amd64~~6.1.2.0, ApplicableState: 112, CurrentState:112",28e57347,Read out cached package applicability for package: <*> ApplicableState: <*> <*>,"['Package_for_KB2800095~31bf3856ad364e35~amd64~~6.1.2.0,', '112, CurrentState:112']"
1653,2016-09-29,02:04:22,Info,CBS,Session: 30546354_3185714393 initialized by client WindowsUpdateAgent.,08fb5d73,Session: <*> initialized by client WindowsUpdateAgent.,['30546354_3185714393']
1654,2016-09-29,02:04:22,Info,CBS,"Read out cached package applicability for package: Package_for_KB2818604~31bf3856ad364e35~amd64~~6.1.1.0, ApplicableState: 112, CurrentState:0",28e57347,Read out cached package applicability for package: <*> ApplicableState: <*> <*>,"['Package_for_KB2818604~31bf3856ad364e35~amd64~~6.1.1.0,', '112, CurrentState:0']"
1655,2016-09-29,02:04:22,Info,CBS,Session: 30546354_3185874402 initialized by client WindowsUpdateAgent.,08fb5d73,Session: <*> initialized by client WindowsUpdateAgent.,['30546354_3185874402']
1656,2016-09-29,02:04:22,Info,CBS,"Read out cached package applicability for package: Package_for_KB2570947~31bf3856ad364e35~amd64~~6.1.1.0, ApplicableState: 112, CurrentState:112",28e57347,Read out cached package applicability for package: <*> ApplicableState: <*> <*>,"['Package_for_KB2570947~31bf3856ad364e35~amd64~~6.1.1.0,', '112, CurrentState:112']"
1657,2016-09-29,02:04:22,Info,CBS,Session: 30546354_3186424434 initialized by client WindowsUpdateAgent.,08fb5d73,Session: <*> initialized by client WindowsUpdateAgent.,['30546354_3186424434']
1658,2016-09-29,02:04:22,Info,CBS,"Read out cached package applicability for package: Package_for_KB3035132~31bf3856ad364e35~amd64~~6.1.1.0, ApplicableState: 80, CurrentState:112",28e57347,Read out cached package applicability for package: <*> ApplicableState: <*> <*>,"['Package_for_KB3035132~31bf3856ad364e35~amd64~~6.1.1.0,', '80, CurrentState:112']"
1659,2016-09-29,02:04:22,Info,CBS,Session: 30546354_3186634446 initialized by client WindowsUpdateAgent.,08fb5d73,Session: <*> initialized by client WindowsUpdateAgent.,['30546354_3186634446']
1660,2016-09-29,02:04:22,Info,CBS,"Read out cached package applicability for package: Package_for_KB2972100~31bf3856ad364e35~amd64~~6.1.1.0, ApplicableState: 112, CurrentState:112",28e57347,Read out cached package applicability for package: <*> ApplicableState: <*> <*>,"['Package_for_KB2972100~31bf3856ad364e35~amd64~~6.1.1.0,', '112, CurrentState:112']"
1661,2016-09-29,02:04:22,Info,CBS,Session: 30546354_3187144475 initialized by client WindowsUpdateAgent.,08fb5d73,Session: <*> initialized by client WindowsUpdateAgent.,['30546354_3187144475']
1662,2016-09-29,02:04:22,Info,CBS,"Read out cached package applicability for package: Package_for_KB2966583~31bf3856ad364e35~amd64~~6.1.1.2, ApplicableState: 112, CurrentState:112",28e57347,Read out cached package applicability for package: <*> ApplicableState: <*> <*>,"['Package_for_KB2966583~31bf3856ad364e35~amd64~~6.1.1.2,', '112, CurrentState:112']"
1663,2016-09-29,02:04:23,Info,CBS,Session: 30546354_3188034526 initialized by client WindowsUpdateAgent.,08fb5d73,Session: <*> initialized by client WindowsUpdateAgent.,['30546354_3188034526']
1664,2016-09-29,02:04:23,Info,CBS,"Read out cached package applicability for package: Package_for_KB2685811~31bf3856ad364e35~amd64~~6.1.1.11, ApplicableState: 112, CurrentState:112",28e57347,Read out cached package applicability for package: <*> ApplicableState: <*> <*>,"['Package_for_KB2685811~31bf3856ad364e35~amd64~~6.1.1.11,', '112, CurrentState:112']"
1665,2016-09-29,02:04:23,Info,CBS,Session: 30546354_3188974579 initialized by client WindowsUpdateAgent.,08fb5d73,Session: <*> initialized by client WindowsUpdateAgent.,['30546354_3188974579']
1666,2016-09-29,02:04:23,Info,CBS,"Read out cached package applicability for package: Package_for_KB3110329~31bf3856ad364e35~amd64~~6.1.1.1, ApplicableState: 112, CurrentState:112",28e57347,Read out cached package applicability for package: <*> ApplicableState: <*> <*>,"['Package_for_KB3110329~31bf3856ad364e35~amd64~~6.1.1.1,', '112, CurrentState:112']"
1667,2016-09-29,02:04:23,Info,CBS,Session: 30546354_3189744623 initialized by client WindowsUpdateAgent.,08fb5d73,Session: <*> initialized by client WindowsUpdateAgent.,['30546354_3189744623']
1668,2016-09-29,02:04:23,Info,CBS,"Read out cached package applicability for package: Package_for_KB2545698~31bf3856ad364e35~amd64~~6.1.1.3, ApplicableState: 112, CurrentState:112",28e57347,Read out cached package applicability for package: <*> ApplicableState: <*> <*>,"['Package_for_KB2545698~31bf3856ad364e35~amd64~~6.1.1.3,', '112, CurrentState:112']"
1669,2016-09-29,02:04:23,Info,CBS,Session: 30546354_3189934634 initialized by client WindowsUpdateAgent.,08fb5d73,Session: <*> initialized by client WindowsUpdateAgent.,['30546354_3189934634']
1670,2016-09-29,02:04:23,Info,CBS,"Read out cached package applicability for package: Package_for_KB3124280~31bf3856ad364e35~amd64~~6.1.1.1, ApplicableState: 112, CurrentState:112",28e57347,Read out cached package applicability for package: <*> ApplicableState: <*> <*>,"['Package_for_KB3124280~31bf3856ad364e35~amd64~~6.1.1.1,', '112, CurrentState:112']"
1671,2016-09-29,02:04:23,Info,CBS,Session: 30546354_3190064642 initialized by client WindowsUpdateAgent.,08fb5d73,Session: <*> initialized by client WindowsUpdateAgent.,['30546354_3190064642']
1672,2016-09-29,02:04:23,Info,CBS,"Read out cached package applicability for package: Microsoft-Hyper-V-Integration-Services-Package~31bf3856ad364e35~amd64~~6.3.9600.17388, ApplicableState: 112, CurrentState:0",28e57347,Read out cached package applicability for package: <*> ApplicableState: <*> <*>,"['Microsoft-Hyper-V-Integration-Services-Package~31bf3856ad364e35~amd64~~6.3.9600.17388,', '112, CurrentState:0']"
1673,2016-09-29,02:04:23,Info,CBS,Session: 30546354_3190364659 initialized by client WindowsUpdateAgent.,08fb5d73,Session: <*> initialized by client WindowsUpdateAgent.,['30546354_3190364659']
1674,2016-09-29,02:04:23,Info,CBS,Session: 30546354_3190684677 initialized by client WindowsUpdateAgent.,08fb5d73,Session: <*> initialized by client WindowsUpdateAgent.,['30546354_3190684677']
1675,2016-09-29,02:04:23,Info,CBS,"Read out cached package applicability for package: Package_for_KB2676562~31bf3856ad364e35~amd64~~6.1.1.3, ApplicableState: 112, CurrentState:112",28e57347,Read out cached package applicability for package: <*> ApplicableState: <*> <*>,"['Package_for_KB2676562~31bf3856ad364e35~amd64~~6.1.1.3,', '112, CurrentState:112']"
1676,2016-09-29,02:04:23,Info,CBS,Session: 30546354_3190944692 initialized by client WindowsUpdateAgent.,08fb5d73,Session: <*> initialized by client WindowsUpdateAgent.,['30546354_3190944692']
1677,2016-09-29,02:04:23,Info,CBS,"Read out cached package applicability for package: Package_for_KB2970228~31bf3856ad364e35~amd64~~6.1.1.2, ApplicableState: 112, CurrentState:112",28e57347,Read out cached package applicability for package: <*> ApplicableState: <*> <*>,"['Package_for_KB2970228~31bf3856ad364e35~amd64~~6.1.1.2,', '112, CurrentState:112']"
1678,2016-09-29,02:04:23,Info,CBS,Session: 30546354_3191224708 initialized by client WindowsUpdateAgent.,08fb5d73,Session: <*> initialized by client WindowsUpdateAgent.,['30546354_3191224708']
1679,2016-09-29,02:04:23,Info,CBS,"Read out cached package applicability for package: Package_for_KB2512715~31bf3856ad364e35~amd64~~6.1.1.1, ApplicableState: 0, CurrentState:0",28e57347,Read out cached package applicability for package: <*> ApplicableState: <*> <*>,"['Package_for_KB2512715~31bf3856ad364e35~amd64~~6.1.1.1,', '0, CurrentState:0']"
1680,2016-09-29,02:04:23,Info,CBS,Session: 30546354_3191744738 initialized by client WindowsUpdateAgent.,08fb5d73,Session: <*> initialized by client WindowsUpdateAgent.,['30546354_3191744738']
1681,2016-09-29,02:04:23,Info,CBS,"Read out cached package applicability for package: Package_for_KB2965788~31bf3856ad364e35~amd64~~6.1.1.1, ApplicableState: 80, CurrentState:112",28e57347,Read out cached package applicability for package: <*> ApplicableState: <*> <*>,"['Package_for_KB2965788~31bf3856ad364e35~amd64~~6.1.1.1,', '80, CurrentState:112']"
1682,2016-09-29,02:04:23,Info,CBS,Session: 30546354_3191924748 initialized by client WindowsUpdateAgent.,08fb5d73,Session: <*> initialized by client WindowsUpdateAgent.,['30546354_3191924748']
1683,2016-09-29,02:04:23,Info,CBS,"Read out cached package applicability for package: Package_for_KB3030377~31bf3856ad364e35~amd64~~6.1.1.2, ApplicableState: 112, CurrentState:112",28e57347,Read out cached package applicability for package: <*> ApplicableState: <*> <*>,"['Package_for_KB3030377~31bf3856ad364e35~amd64~~6.1.1.2,', '112, CurrentState:112']"
1684,2016-09-29,02:04:23,Info,CBS,Session: 30546354_3192394775 initialized by client WindowsUpdateAgent.,08fb5d73,Session: <*> initialized by client WindowsUpdateAgent.,['30546354_3192394775']
1685,2016-09-29,02:04:23,Info,CBS,"Read out cached package applicability for package: Package_for_KB3021917~31bf3856ad364e35~amd64~~6.1.1.3, ApplicableState: 112, CurrentState:112",28e57347,Read out cached package applicability for package: <*> ApplicableState: <*> <*>,"['Package_for_KB3021917~31bf3856ad364e35~amd64~~6.1.1.3,', '112, CurrentState:112']"
1686,2016-09-29,02:04:23,Info,CBS,Session: 30546354_3192854801 initialized by client WindowsUpdateAgent.,08fb5d73,Session: <*> initialized by client WindowsUpdateAgent.,['30546354_3192854801']
1687,2016-09-29,02:04:23,Info,CBS,"Read out cached package applicability for package: Package_for_KB2853952~31bf3856ad364e35~amd64~~6.1.1.2, ApplicableState: 112, CurrentState:112",28e57347,Read out cached package applicability for package: <*> ApplicableState: <*> <*>,"['Package_for_KB2853952~31bf3856ad364e35~amd64~~6.1.1.2,', '112, CurrentState:112']"
1688,2016-09-29,02:04:23,Info,CBS,Session: 30546354_3193054813 initialized by client WindowsUpdateAgent.,08fb5d73,Session: <*> initialized by client WindowsUpdateAgent.,['30546354_3193054813']
1689,2016-09-29,02:04:23,Info,CBS,"Read out cached package applicability for package: Package_for_KB2706045~31bf3856ad364e35~amd64~~6.1.1.0, ApplicableState: 80, CurrentState:0",28e57347,Read out cached package applicability for package: <*> ApplicableState: <*> <*>,"['Package_for_KB2706045~31bf3856ad364e35~amd64~~6.1.1.0,', '80, CurrentState:0']"
1690,2016-09-29,02:04:23,Info,CBS,Session: 30546354_3193214822 initialized by client WindowsUpdateAgent.,08fb5d73,Session: <*> initialized by client WindowsUpdateAgent.,['30546354_3193214822']
1691,2016-09-29,02:04:23,Info,CBS,"Read out cached package applicability for package: Package_for_KB2510531~31bf3856ad364e35~amd64~~6.1.1.0, ApplicableState: 80, CurrentState:112",28e57347,Read out cached package applicability for package: <*> ApplicableState: <*> <*>,"['Package_for_KB2510531~31bf3856ad364e35~amd64~~6.1.1.0,', '80, CurrentState:112']"
1692,2016-09-29,02:04:23,Info,CBS,Session: 30546354_3193364831 initialized by client WindowsUpdateAgent.,08fb5d73,Session: <*> initialized by client WindowsUpdateAgent.,['30546354_3193364831']
1693,2016-09-29,02:04:23,Info,CBS,"Read out cached package applicability for package: Package_for_KB2847927~31bf3856ad364e35~amd64~~6.1.1.1, ApplicableState: 112, CurrentState:112",28e57347,Read out cached package applicability for package: <*> ApplicableState: <*> <*>,"['Package_for_KB2847927~31bf3856ad364e35~amd64~~6.1.1.1,', '112, CurrentState:112']"
1694,2016-09-29,02:04:23,Info,CBS,Session: 30546354_3193904861 initialized by client WindowsUpdateAgent.,08fb5d73,Session: <*> initialized by client WindowsUpdateAgent.,['30546354_3193904861']
1695,2016-09-29,02:04:23,Info,CBS,"Read out cached package applicability for package: Package_for_KB2604115~31bf3856ad364e35~amd64~~6.1.1.3, ApplicableState: 112, CurrentState:112",28e57347,Read out cached package applicability for package: <*> ApplicableState: <*> <*>,"['Package_for_KB2604115~31bf3856ad364e35~amd64~~6.1.1.3,', '112, CurrentState:112']"
1696,2016-09-29,02:04:23,Info,CBS,Session: 30546354_3194774911 initialized by client WindowsUpdateAgent.,08fb5d73,Session: <*> initialized by client WindowsUpdateAgent.,['30546354_3194774911']
1697,2016-09-29,02:04:23,Info,CBS,"Read out cached package applicability for package: Package_for_KB3013531~31bf3856ad364e35~amd64~~6.1.2.0, ApplicableState: 112, CurrentState:112",28e57347,Read out cached package applicability for package: <*> ApplicableState: <*> <*>,"['Package_for_KB3013531~31bf3856ad364e35~amd64~~6.1.2.0,', '112, CurrentState:112']"
1698,2016-09-29,02:04:23,Info,CBS,Session: 30546354_3195614959 initialized by client WindowsUpdateAgent.,08fb5d73,Session: <*> initialized by client WindowsUpdateAgent.,['30546354_3195614959']
1699,2016-09-29,02:04:23,Info,CBS,"Read out cached package applicability for package: Package_for_KB2893519~31bf3856ad364e35~amd64~~6.1.1.0, ApplicableState: 112, CurrentState:112",28e57347,Read out cached package applicability for package: <*> ApplicableState: <*> <*>,"['Package_for_KB2893519~31bf3856ad364e35~amd64~~6.1.1.0,', '112, CurrentState:112']"
1700,2016-09-29,02:04:23,Info,CBS,Session: 30546354_3196675020 initialized by client WindowsUpdateAgent.,08fb5d73,Session: <*> initialized by client WindowsUpdateAgent.,['30546354_3196675020']
1701,2016-09-29,02:04:23,Info,CBS,"Read out cached package applicability for package: Package_for_KB2703157~31bf3856ad364e35~amd64~~6.1.1.0, ApplicableState: 80, CurrentState:0",28e57347,Read out cached package applicability for package: <*> ApplicableState: <*> <*>,"['Package_for_KB2703157~31bf3856ad364e35~amd64~~6.1.1.0,', '80, CurrentState:0']"
1702,2016-09-29,02:04:23,Info,CBS,Session: 30546354_3197115045 initialized by client WindowsUpdateAgent.,08fb5d73,Session: <*> initialized by client WindowsUpdateAgent.,['30546354_3197115045']
1703,2016-09-29,02:04:23,Info,CBS,"Read out cached package applicability for package: Package_for_KB3133977~31bf3856ad364e35~amd64~~6.1.1.2, ApplicableState: 112, CurrentState:112",28e57347,Read out cached package applicability for package: <*> ApplicableState: <*> <*>,"['Package_for_KB3133977~31bf3856ad364e35~amd64~~6.1.1.2,', '112, CurrentState:112']"
1704,2016-09-29,02:04:24,Info,CBS,Session: 30546354_3198015097 initialized by client WindowsUpdateAgent.,08fb5d73,Session: <*> initialized by client WindowsUpdateAgent.,['30546354_3198015097']
1705,2016-09-29,02:04:24,Info,CBS,"Read out cached package applicability for package: Package_for_KB3109094~31bf3856ad364e35~amd64~~6.1.1.1, ApplicableState: 112, CurrentState:112",28e57347,Read out cached package applicability for package: <*> ApplicableState: <*> <*>,"['Package_for_KB3109094~31bf3856ad364e35~amd64~~6.1.1.1,', '112, CurrentState:112']"
1706,2016-09-29,02:04:24,Info,CBS,Session: 30546354_3198305113 initialized by client WindowsUpdateAgent.,08fb5d73,Session: <*> initialized by client WindowsUpdateAgent.,['30546354_3198305113']
1707,2016-09-29,02:04:24,Info,CBS,"Read out cached package applicability for package: Package_for_KB2506212~31bf3856ad364e35~amd64~~6.1.1.2, ApplicableState: 112, CurrentState:112",28e57347,Read out cached package applicability for package: <*> ApplicableState: <*> <*>,"['Package_for_KB2506212~31bf3856ad364e35~amd64~~6.1.1.2,', '112, CurrentState:112']"
1708,2016-09-29,02:04:24,Info,CBS,Session: 30546354_3198345115 initialized by client WindowsUpdateAgent.,08fb5d73,Session: <*> initialized by client WindowsUpdateAgent.,['30546354_3198345115']
1709,2016-09-29,02:04:24,Info,CBS,"Read out cached package applicability for package: Package_for_KB3076949~31bf3856ad364e35~amd64~~6.1.1.0, ApplicableState: 112, CurrentState:112",28e57347,Read out cached package applicability for package: <*> ApplicableState: <*> <*>,"['Package_for_KB3076949~31bf3856ad364e35~amd64~~6.1.1.0,', '112, CurrentState:112']"
1710,2016-09-29,02:04:24,Info,CBS,Session: 30546354_3198805142 initialized by client WindowsUpdateAgent.,08fb5d73,Session: <*> initialized by client WindowsUpdateAgent.,['30546354_3198805142']
1711,2016-09-29,02:04:24,Info,CBS,Session: 30546354_3200035212 initialized by client WindowsUpdateAgent.,08fb5d73,Session: <*> initialized by client WindowsUpdateAgent.,['30546354_3200035212']
1712,2016-09-29,02:04:24,Info,CBS,"Read out cached package applicability for package: Package_for_KB2871997~31bf3856ad364e35~amd64~~6.1.2.5, ApplicableState: 112, CurrentState:112",28e57347,Read out cached package applicability for package: <*> ApplicableState: <*> <*>,"['Package_for_KB2871997~31bf3856ad364e35~amd64~~6.1.2.5,', '112, CurrentState:112']"
1713,2016-09-29,02:04:24,Info,CBS,Session: 30546354_3202615360 initialized by client WindowsUpdateAgent.,08fb5d73,Session: <*> initialized by client WindowsUpdateAgent.,['30546354_3202615360']
1714,2016-09-29,02:04:24,Info,CBS,"Read out cached package applicability for package: Package_for_KB3164035~31bf3856ad364e35~amd64~~6.1.1.1, ApplicableState: 112, CurrentState:112",28e57347,Read out cached package applicability for package: <*> ApplicableState: <*> <*>,"['Package_for_KB3164035~31bf3856ad364e35~amd64~~6.1.1.1,', '112, CurrentState:112']"
1715,2016-09-29,02:04:24,Info,CBS,Session: 30546354_3203065385 initialized by client WindowsUpdateAgent.,08fb5d73,Session: <*> initialized by client WindowsUpdateAgent.,['30546354_3203065385']
1716,2016-09-29,02:04:24,Info,CBS,Session: 30546354_3203755425 initialized by client WindowsUpdateAgent.,08fb5d73,Session: <*> initialized by client WindowsUpdateAgent.,['30546354_3203755425']
1717,2016-09-29,02:04:24,Info,CBS,"Read out cached package applicability for package: Package_for_KB2574819~31bf3856ad364e35~amd64~~6.1.2.0, ApplicableState: 112, CurrentState:112",28e57347,Read out cached package applicability for package: <*> ApplicableState: <*> <*>,"['Package_for_KB2574819~31bf3856ad364e35~amd64~~6.1.2.0,', '112, CurrentState:112']"
1718,2016-09-29,02:04:24,Info,CBS,Session: 30546354_3204535469 initialized by client WindowsUpdateAgent.,08fb5d73,Session: <*> initialized by client WindowsUpdateAgent.,['30546354_3204535469']
1719,2016-09-29,02:04:24,Info,CBS,"Read out cached package applicability for package: Microsoft-Windows-RDP-WinIP-Package-TopLevel~31bf3856ad364e35~amd64~~7.1.7601.16398, ApplicableState: 112, CurrentState:112",28e57347,Read out cached package applicability for package: <*> ApplicableState: <*> <*>,"['Microsoft-Windows-RDP-WinIP-Package-TopLevel~31bf3856ad364e35~amd64~~7.1.7601.16398,', '112, CurrentState:112']"
1720,2016-09-29,02:04:24,Info,CBS,Session: 30546354_3204965494 initialized by client WindowsUpdateAgent.,08fb5d73,Session: <*> initialized by client WindowsUpdateAgent.,['30546354_3204965494']
1721,2016-09-29,02:04:24,Info,CBS,"Read out cached package applicability for package: Package_for_KB2843630~31bf3856ad364e35~amd64~~6.1.3.1, ApplicableState: 112, CurrentState:112",28e57347,Read out cached package applicability for package: <*> ApplicableState: <*> <*>,"['Package_for_KB2843630~31bf3856ad364e35~amd64~~6.1.3.1,', '112, CurrentState:112']"
1722,2016-09-29,02:04:24,Info,CBS,Session: 30546354_3205955551 initialized by client WindowsUpdateAgent.,08fb5d73,Session: <*> initialized by client WindowsUpdateAgent.,['30546354_3205955551']
1723,2016-09-29,02:04:24,Info,CBS,"Read out cached package applicability for package: Package_for_KB2862330~31bf3856ad364e35~amd64~~6.1.2.0, ApplicableState: 112, CurrentState:112",28e57347,Read out cached package applicability for package: <*> ApplicableState: <*> <*>,"['Package_for_KB2862330~31bf3856ad364e35~amd64~~6.1.2.0,', '112, CurrentState:112']"
1724,2016-09-29,02:04:24,Info,CBS,Session: 30546354_3206305571 initialized by client WindowsUpdateAgent.,08fb5d73,Session: <*> initialized by client WindowsUpdateAgent.,['30546354_3206305571']
1725,2016-09-29,02:04:24,Info,CBS,"Read out cached package applicability for package: Package_for_KB2834140~31bf3856ad364e35~amd64~~6.1.2.0, ApplicableState: 112, CurrentState:0",28e57347,Read out cached package applicability for package: <*> ApplicableState: <*> <*>,"['Package_for_KB2834140~31bf3856ad364e35~amd64~~6.1.2.0,', '112, CurrentState:0']"
1726,2016-09-29,02:04:24,Info,CBS,Session: 30546354_3206335572 initialized by client WindowsUpdateAgent.,08fb5d73,Session: <*> initialized by client WindowsUpdateAgent.,['30546354_3206335572']
1727,2016-09-29,02:04:24,Info,CBS,Session: 30546354_3207045613 initialized by client WindowsUpdateAgent.,08fb5d73,Session: <*> initialized by client WindowsUpdateAgent.,['30546354_3207045613']
1728,2016-09-29,02:04:25,Info,CBS,"Read out cached package applicability for package: Package_for_KB2726535~31bf3856ad364e35~amd64~~6.1.1.1, ApplicableState: 112, CurrentState:112",28e57347,Read out cached package applicability for package: <*> ApplicableState: <*> <*>,"['Package_for_KB2726535~31bf3856ad364e35~amd64~~6.1.1.1,', '112, CurrentState:112']"
1729,2016-09-29,02:04:25,Info,CBS,Session: 30546354_3208475695 initialized by client WindowsUpdateAgent.,08fb5d73,Session: <*> initialized by client WindowsUpdateAgent.,['30546354_3208475695']
1730,2016-09-29,02:04:25,Info,CBS,Session: 30546354_3208835715 initialized by client WindowsUpdateAgent.,08fb5d73,Session: <*> initialized by client WindowsUpdateAgent.,['30546354_3208835715']
1731,2016-09-29,02:04:25,Info,CBS,"Read out cached package applicability for package: Package_for_KB3046269~31bf3856ad364e35~amd64~~6.1.1.0, ApplicableState: 112, CurrentState:112",28e57347,Read out cached package applicability for package: <*> ApplicableState: <*> <*>,"['Package_for_KB3046269~31bf3856ad364e35~amd64~~6.1.1.0,', '112, CurrentState:112']"
1732,2016-09-29,02:04:25,Info,CBS,Session: 30546354_3209665763 initialized by client WindowsUpdateAgent.,08fb5d73,Session: <*> initialized by client WindowsUpdateAgent.,['30546354_3209665763']
1733,2016-09-29,02:04:25,Info,CBS,"Read out cached package applicability for package: Package_for_KB3139398~31bf3856ad364e35~amd64~~6.1.1.1, ApplicableState: 112, CurrentState:112",28e57347,Read out cached package applicability for package: <*> ApplicableState: <*> <*>,"['Package_for_KB3139398~31bf3856ad364e35~amd64~~6.1.1.1,', '112, CurrentState:112']"
1734,2016-09-29,02:04:25,Info,CBS,Session: 30546354_3209785770 initialized by client WindowsUpdateAgent.,08fb5d73,Session: <*> initialized by client WindowsUpdateAgent.,['30546354_3209785770']
1735,2016-09-29,02:04:25,Info,CBS,"Read out cached package applicability for package: Package_for_KB2719857~31bf3856ad364e35~amd64~~6.1.1.2, ApplicableState: 112, CurrentState:112",28e57347,Read out cached package applicability for package: <*> ApplicableState: <*> <*>,"['Package_for_KB2719857~31bf3856ad364e35~amd64~~6.1.1.2,', '112, CurrentState:112']"
1736,2016-09-29,02:04:25,Info,CBS,Session: 30546354_3209865774 initialized by client WindowsUpdateAgent.,08fb5d73,Session: <*> initialized by client WindowsUpdateAgent.,['30546354_3209865774']
1737,2016-09-29,02:04:25,Info,CBS,"Read out cached package applicability for package: Package_for_KB2603229~31bf3856ad364e35~amd64~~6.1.1.0, ApplicableState: 112, CurrentState:112",28e57347,Read out cached package applicability for package: <*> ApplicableState: <*> <*>,"['Package_for_KB2603229~31bf3856ad364e35~amd64~~6.1.1.0,', '112, CurrentState:112']"
1738,2016-09-29,02:04:25,Info,CBS,Session: 30546354_3214976067 initialized by client WindowsUpdateAgent.,08fb5d73,Session: <*> initialized by client WindowsUpdateAgent.,['30546354_3214976067']
1739,2016-09-29,02:04:25,Info,CBS,"Read out cached package applicability for package: Package_for_KB3109560~31bf3856ad364e35~amd64~~6.1.1.1, ApplicableState: 112, CurrentState:112",28e57347,Read out cached package applicability for package: <*> ApplicableState: <*> <*>,"['Package_for_KB3109560~31bf3856ad364e35~amd64~~6.1.1.1,', '112, CurrentState:112']"
1740,2016-09-29,02:04:25,Info,CBS,Session: 30546354_3215266083 initialized by client WindowsUpdateAgent.,08fb5d73,Session: <*> initialized by client WindowsUpdateAgent.,['30546354_3215266083']
1741,2016-09-29,02:04:25,Info,CBS,"Read out cached package applicability for package: Package_for_KB2807986~31bf3856ad364e35~amd64~~6.1.1.2, ApplicableState: 112, CurrentState:112",28e57347,Read out cached package applicability for package: <*> ApplicableState: <*> <*>,"['Package_for_KB2807986~31bf3856ad364e35~amd64~~6.1.1.2,', '112, CurrentState:112']"
1742,2016-09-29,02:04:25,Info,CBS,Session: 30546354_3215406091 initialized by client WindowsUpdateAgent.,08fb5d73,Session: <*> initialized by client WindowsUpdateAgent.,['30546354_3215406091']
1743,2016-09-29,02:04:25,Info,CBS,"Read out cached package applicability for package: Package_for_KB3135983~31bf3856ad364e35~amd64~~6.1.1.0, ApplicableState: 112, CurrentState:112",28e57347,Read out cached package applicability for package: <*> ApplicableState: <*> <*>,"['Package_for_KB3135983~31bf3856ad364e35~amd64~~6.1.1.0,', '112, CurrentState:112']"
1744,2016-09-29,02:04:25,Info,CBS,Session: 30546354_3215566100 initialized by client WindowsUpdateAgent.,08fb5d73,Session: <*> initialized by client WindowsUpdateAgent.,['30546354_3215566100']
1745,2016-09-29,02:04:25,Info,CBS,"Read out cached package applicability for package: Package_for_KB2667402~31bf3856ad364e35~amd64~~6.1.2.0, ApplicableState: 112, CurrentState:112",28e57347,Read out cached package applicability for package: <*> ApplicableState: <*> <*>,"['Package_for_KB2667402~31bf3856ad364e35~amd64~~6.1.2.0,', '112, CurrentState:112']"
1746,2016-09-29,02:04:25,Info,CBS,Session: 30546354_3215916120 initialized by client WindowsUpdateAgent.,08fb5d73,Session: <*> initialized by client WindowsUpdateAgent.,['30546354_3215916120']
1747,2016-09-29,02:04:25,Info,CBS,"Read out cached package applicability for package: Package_for_KB2791765~31bf3856ad364e35~amd64~~6.1.1.2, ApplicableState: 112, CurrentState:112",28e57347,Read out cached package applicability for package: <*> ApplicableState: <*> <*>,"['Package_for_KB2791765~31bf3856ad364e35~amd64~~6.1.1.2,', '112, CurrentState:112']"
1748,2016-09-29,02:04:25,Info,CBS,Session: 30546354_3216576158 initialized by client WindowsUpdateAgent.,08fb5d73,Session: <*> initialized by client WindowsUpdateAgent.,['30546354_3216576158']
1749,2016-09-29,02:04:25,Info,CBS,"Read out cached package applicability for package: Microsoft-Hyper-V-Integration-Services-Package~31bf3856ad364e35~amd64~~6.3.9600.18080, ApplicableState: 112, CurrentState:0",28e57347,Read out cached package applicability for package: <*> ApplicableState: <*> <*>,"['Microsoft-Hyper-V-Integration-Services-Package~31bf3856ad364e35~amd64~~6.3.9600.18080,', '112, CurrentState:0']"
1750,2016-09-29,02:04:25,Info,CBS,Session: 30546354_3217166192 initialized by client WindowsUpdateAgent.,08fb5d73,Session: <*> initialized by client WindowsUpdateAgent.,['30546354_3217166192']
1751,2016-09-29,02:04:25,Info,CBS,"Read out cached package applicability for package: Package_for_KB3139940~31bf3856ad364e35~amd64~~6.1.1.0, ApplicableState: 80, CurrentState:112",28e57347,Read out cached package applicability for package: <*> ApplicableState: <*> <*>,"['Package_for_KB3139940~31bf3856ad364e35~amd64~~6.1.1.0,', '80, CurrentState:112']"
1752,2016-09-29,02:04:25,Info,CBS,Session: 30546354_3217316200 initialized by client WindowsUpdateAgent.,08fb5d73,Session: <*> initialized by client WindowsUpdateAgent.,['30546354_3217316200']
1753,2016-09-29,02:04:25,Info,CBS,"Read out cached package applicability for package: Package_for_KB2719033~31bf3856ad364e35~amd64~~6.1.1.0, ApplicableState: 80, CurrentState:0",28e57347,Read out cached package applicability for package: <*> ApplicableState: <*> <*>,"['Package_for_KB2719033~31bf3856ad364e35~amd64~~6.1.1.0,', '80, CurrentState:0']"
1754,2016-09-29,02:04:25,Info,CBS,Session: 30546354_3217556214 initialized by client WindowsUpdateAgent.,08fb5d73,Session: <*> initialized by client WindowsUpdateAgent.,['30546354_3217556214']
1755,2016-09-29,02:04:25,Info,CBS,"Read out cached package applicability for package: Package_for_KB3109103~31bf3856ad364e35~amd64~~6.1.1.0, ApplicableState: 112, CurrentState:112",28e57347,Read out cached package applicability for package: <*> ApplicableState: <*> <*>,"['Package_for_KB3109103~31bf3856ad364e35~amd64~~6.1.1.0,', '112, CurrentState:112']"
1756,2016-09-29,02:04:25,Info,CBS,Session: 30546354_3217926235 initialized by client WindowsUpdateAgent.,08fb5d73,Session: <*> initialized by client WindowsUpdateAgent.,['30546354_3217926235']
1757,2016-09-29,02:04:25,Info,CBS,"Read out cached package applicability for package: Package_for_KB2864202~31bf3856ad364e35~amd64~~6.1.1.0, ApplicableState: 112, CurrentState:112",28e57347,Read out cached package applicability for package: <*> ApplicableState: <*> <*>,"['Package_for_KB2864202~31bf3856ad364e35~amd64~~6.1.1.0,', '112, CurrentState:112']"
1758,2016-09-29,02:04:26,Info,CBS,Session: 30546354_3218366261 initialized by client WindowsUpdateAgent.,08fb5d73,Session: <*> initialized by client WindowsUpdateAgent.,['30546354_3218366261']
1759,2016-09-29,02:04:26,Info,CBS,"Read out cached package applicability for package: Package_for_KB3074543~31bf3856ad364e35~amd64~~6.1.1.0, ApplicableState: 112, CurrentState:112",28e57347,Read out cached package applicability for package: <*> ApplicableState: <*> <*>,"['Package_for_KB3074543~31bf3856ad364e35~amd64~~6.1.1.0,', '112, CurrentState:112']"
1760,2016-09-29,02:04:26,Info,CBS,Session: 30546354_3219376318 initialized by client WindowsUpdateAgent.,08fb5d73,Session: <*> initialized by client WindowsUpdateAgent.,['30546354_3219376318']
1761,2016-09-29,02:04:26,Info,CBS,"Read out cached package applicability for package: Package_for_KB3040272~31bf3856ad364e35~amd64~~6.1.1.1, ApplicableState: 80, CurrentState:112",28e57347,Read out cached package applicability for package: <*> ApplicableState: <*> <*>,"['Package_for_KB3040272~31bf3856ad364e35~amd64~~6.1.1.1,', '80, CurrentState:112']"
1762,2016-09-29,02:04:26,Info,CBS,Session: 30546354_3220876404 initialized by client WindowsUpdateAgent.,08fb5d73,Session: <*> initialized by client WindowsUpdateAgent.,['30546354_3220876404']
1763,2016-09-29,02:04:26,Info,CBS,"Read out cached package applicability for package: Package_for_KB3142042~31bf3856ad364e35~amd64~~6.1.1.2, ApplicableState: 112, CurrentState:112",28e57347,Read out cached package applicability for package: <*> ApplicableState: <*> <*>,"['Package_for_KB3142042~31bf3856ad364e35~amd64~~6.1.1.2,', '112, CurrentState:112']"
1764,2016-09-29,02:04:26,Info,CBS,Session: 30546354_3222456494 initialized by client WindowsUpdateAgent.,08fb5d73,Session: <*> initialized by client WindowsUpdateAgent.,['30546354_3222456494']
1765,2016-09-29,02:04:26,Info,CBS,"Read out cached package applicability for package: Package_for_KB3042058~31bf3856ad364e35~amd64~~6.1.1.1, ApplicableState: 80, CurrentState:112",28e57347,Read out cached package applicability for package: <*> ApplicableState: <*> <*>,"['Package_for_KB3042058~31bf3856ad364e35~amd64~~6.1.1.1,', '80, CurrentState:112']"
1766,2016-09-29,02:04:26,Info,CBS,Session: 30546354_3225106646 initialized by client WindowsUpdateAgent.,08fb5d73,Session: <*> initialized by client WindowsUpdateAgent.,['30546354_3225106646']
1767,2016-09-29,02:04:26,Info,CBS,"Read out cached package applicability for package: Package_for_KB3023215~31bf3856ad364e35~amd64~~6.1.1.0, ApplicableState: 112, CurrentState:112",28e57347,Read out cached package applicability for package: <*> ApplicableState: <*> <*>,"['Package_for_KB3023215~31bf3856ad364e35~amd64~~6.1.1.0,', '112, CurrentState:112']"
1768,2016-09-29,02:04:26,Info,CBS,Session: 30546354_3225556672 initialized by client WindowsUpdateAgent.,08fb5d73,Session: <*> initialized by client WindowsUpdateAgent.,['30546354_3225556672']
1769,2016-09-29,02:04:26,Info,CBS,"Read out cached package applicability for package: Package_for_KB3108381~31bf3856ad364e35~amd64~~6.1.1.1, ApplicableState: 112, CurrentState:112",28e57347,Read out cached package applicability for package: <*> ApplicableState: <*> <*>,"['Package_for_KB3108381~31bf3856ad364e35~amd64~~6.1.1.1,', '112, CurrentState:112']"
1770,2016-09-29,02:04:26,Info,CBS,Session: 30546354_3225636676 initialized by client WindowsUpdateAgent.,08fb5d73,Session: <*> initialized by client WindowsUpdateAgent.,['30546354_3225636676']
1771,2016-09-29,02:04:26,Info,CBS,"Read out cached package applicability for package: Package_for_KB2868038~31bf3856ad364e35~amd64~~6.1.1.2, ApplicableState: 112, CurrentState:112",28e57347,Read out cached package applicability for package: <*> ApplicableState: <*> <*>,"['Package_for_KB2868038~31bf3856ad364e35~amd64~~6.1.1.2,', '112, CurrentState:112']"
1772,2016-09-29,02:04:26,Info,CBS,Session: 30546354_3225896691 initialized by client WindowsUpdateAgent.,08fb5d73,Session: <*> initialized by client WindowsUpdateAgent.,['30546354_3225896691']
1773,2016-09-29,02:04:26,Info,CBS,"Read out cached package applicability for package: Package_for_KB2750841~31bf3856ad364e35~amd64~~6.1.1.3, ApplicableState: 112, CurrentState:112",28e57347,Read out cached package applicability for package: <*> ApplicableState: <*> <*>,"['Package_for_KB2750841~31bf3856ad364e35~amd64~~6.1.1.3,', '112, CurrentState:112']"
1774,2016-09-29,02:04:26,Info,CBS,Session: 30546354_3226336716 initialized by client WindowsUpdateAgent.,08fb5d73,Session: <*> initialized by client WindowsUpdateAgent.,['30546354_3226336716']
1775,2016-09-29,02:04:26,Info,CBS,"Read out cached package applicability for package: Package_for_KB3185911~31bf3856ad364e35~amd64~~6.1.1.0, ApplicableState: 112, CurrentState:112",28e57347,Read out cached package applicability for package: <*> ApplicableState: <*> <*>,"['Package_for_KB3185911~31bf3856ad364e35~amd64~~6.1.1.0,', '112, CurrentState:112']"
1776,2016-09-29,02:04:26,Info,CBS,Session: 30546354_3226626733 initialized by client WindowsUpdateAgent.,08fb5d73,Session: <*> initialized by client WindowsUpdateAgent.,['30546354_3226626733']
1777,2016-09-29,02:04:26,Info,CBS,"Read out cached package applicability for package: Package_for_KB3138910~31bf3856ad364e35~amd64~~6.1.1.0, ApplicableState: 112, CurrentState:112",28e57347,Read out cached package applicability for package: <*> ApplicableState: <*> <*>,"['Package_for_KB3138910~31bf3856ad364e35~amd64~~6.1.1.0,', '112, CurrentState:112']"
1778,2016-09-29,02:04:26,Info,CBS,Session: 30546354_3226836745 initialized by client WindowsUpdateAgent.,08fb5d73,Session: <*> initialized by client WindowsUpdateAgent.,['30546354_3226836745']
1779,2016-09-29,02:04:26,Info,CBS,"Read out cached package applicability for package: Package_for_KB2862335~31bf3856ad364e35~amd64~~6.1.1.2, ApplicableState: 112, CurrentState:112",28e57347,Read out cached package applicability for package: <*> ApplicableState: <*> <*>,"['Package_for_KB2862335~31bf3856ad364e35~amd64~~6.1.1.2,', '112, CurrentState:112']"
1780,2016-09-29,02:04:26,Info,CBS,Session: 30546354_3227386776 initialized by client WindowsUpdateAgent.,08fb5d73,Session: <*> initialized by client WindowsUpdateAgent.,['30546354_3227386776']
1781,2016-09-29,02:04:27,Info,CBS,"Read out cached package applicability for package: Package_for_KB2908783~31bf3856ad364e35~amd64~~6.1.1.2, ApplicableState: 112, CurrentState:112",28e57347,Read out cached package applicability for package: <*> ApplicableState: <*> <*>,"['Package_for_KB2908783~31bf3856ad364e35~amd64~~6.1.1.2,', '112, CurrentState:112']"
1782,2016-09-29,02:04:27,Info,CBS,Session: 30546354_3228776856 initialized by client WindowsUpdateAgent.,08fb5d73,Session: <*> initialized by client WindowsUpdateAgent.,['30546354_3228776856']
1783,2016-09-29,02:04:27,Info,CBS,"Read out cached package applicability for package: Package_for_KB3020393~31bf3856ad364e35~amd64~~6.1.1.2, ApplicableState: 64, CurrentState:0",28e57347,Read out cached package applicability for package: <*> ApplicableState: <*> <*>,"['Package_for_KB3020393~31bf3856ad364e35~amd64~~6.1.1.2,', '64, CurrentState:0']"
1784,2016-09-29,02:04:27,Info,CBS,Session: 30546354_3228966867 initialized by client WindowsUpdateAgent.,08fb5d73,Session: <*> initialized by client WindowsUpdateAgent.,['30546354_3228966867']
1785,2016-09-29,02:04:27,Info,CBS,"Read out cached package applicability for package: Package_for_KB2772930~31bf3856ad364e35~amd64~~6.1.1.1, ApplicableState: 0, CurrentState:0",28e57347,Read out cached package applicability for package: <*> ApplicableState: <*> <*>,"['Package_for_KB2772930~31bf3856ad364e35~amd64~~6.1.1.1,', '0, CurrentState:0']"
1786,2016-09-29,02:04:27,Info,CBS,Session: 30546354_3229296886 initialized by client WindowsUpdateAgent.,08fb5d73,Session: <*> initialized by client WindowsUpdateAgent.,['30546354_3229296886']
1787,2016-09-29,02:04:27,Info,CBS,"Read out cached package applicability for package: Package_for_KB2621146~31bf3856ad364e35~amd64~~6.1.1.0, ApplicableState: 0, CurrentState:0",28e57347,Read out cached package applicability for package: <*> ApplicableState: <*> <*>,"['Package_for_KB2621146~31bf3856ad364e35~amd64~~6.1.1.0,', '0, CurrentState:0']"
1788,2016-09-29,02:04:27,Info,CBS,Session: 30546354_3229346889 initialized by client WindowsUpdateAgent.,08fb5d73,Session: <*> initialized by client WindowsUpdateAgent.,['30546354_3229346889']
1789,2016-09-29,02:04:27,Info,CBS,"Read out cached package applicability for package: Package_for_KB2601626~31bf3856ad364e35~amd64~~6.1.1.0, ApplicableState: 0, CurrentState:0",28e57347,Read out cached package applicability for package: <*> ApplicableState: <*> <*>,"['Package_for_KB2601626~31bf3856ad364e35~amd64~~6.1.1.0,', '0, CurrentState:0']"
1790,2016-09-29,02:04:27,Info,CBS,Session: 30546354_3229556901 initialized by client WindowsUpdateAgent.,08fb5d73,Session: <*> initialized by client WindowsUpdateAgent.,['30546354_3229556901']
1791,2016-09-29,02:04:27,Info,CBS,"Read out cached package applicability for package: Package_for_KB2923545~31bf3856ad364e35~amd64~~6.1.1.1, ApplicableState: 112, CurrentState:112",28e57347,Read out cached package applicability for package: <*> ApplicableState: <*> <*>,"['Package_for_KB2923545~31bf3856ad364e35~amd64~~6.1.1.1,', '112, CurrentState:112']"
1792,2016-09-29,02:04:27,Info,CBS,Session: 30546354_3230196937 initialized by client WindowsUpdateAgent.,08fb5d73,Session: <*> initialized by client WindowsUpdateAgent.,['30546354_3230196937']
1793,2016-09-29,02:04:27,Info,CBS,"Read out cached package applicability for package: Package_for_KB2509553~31bf3856ad364e35~amd64~~6.1.1.2, ApplicableState: 112, CurrentState:112",28e57347,Read out cached package applicability for package: <*> ApplicableState: <*> <*>,"['Package_for_KB2509553~31bf3856ad364e35~amd64~~6.1.1.2,', '112, CurrentState:112']"
1794,2016-09-29,02:04:27,Info,CBS,Session: 30546354_3230936980 initialized by client WindowsUpdateAgent.,08fb5d73,Session: <*> initialized by client WindowsUpdateAgent.,['30546354_3230936980']
1795,2016-09-29,02:04:27,Info,CBS,"Read out cached package applicability for package: Package_for_KB2758857~31bf3856ad364e35~amd64~~6.1.1.0, ApplicableState: 80, CurrentState:112",28e57347,Read out cached package applicability for package: <*> ApplicableState: <*> <*>,"['Package_for_KB2758857~31bf3856ad364e35~amd64~~6.1.1.0,', '80, CurrentState:112']"
1796,2016-09-29,02:04:27,Info,CBS,Session: 30546354_3232347060 initialized by client WindowsUpdateAgent.,08fb5d73,Session: <*> initialized by client WindowsUpdateAgent.,['30546354_3232347060']
1797,2016-09-29,02:04:27,Info,CBS,"Read out cached package applicability for package: Package_for_KB2846960~31bf3856ad364e35~amd64~~6.1.1.3, ApplicableState: 80, CurrentState:112",28e57347,Read out cached package applicability for package: <*> ApplicableState: <*> <*>,"['Package_for_KB2846960~31bf3856ad364e35~amd64~~6.1.1.3,', '80, CurrentState:112']"
1798,2016-09-29,02:04:27,Info,CBS,Session: 30546354_3233207109 initialized by client WindowsUpdateAgent.,08fb5d73,Session: <*> initialized by client WindowsUpdateAgent.,['30546354_3233207109']
1799,2016-09-29,02:04:27,Info,CBS,"Read out cached package applicability for package: Package_for_KB2770660~31bf3856ad364e35~amd64~~6.1.1.0, ApplicableState: 112, CurrentState:112",28e57347,Read out cached package applicability for package: <*> ApplicableState: <*> <*>,"['Package_for_KB2770660~31bf3856ad364e35~amd64~~6.1.1.0,', '112, CurrentState:112']"
1800,2016-09-29,02:04:31,Info,CBS,Session: 30546354_3271199282 initialized by client WindowsUpdateAgent.,08fb5d73,Session: <*> initialized by client WindowsUpdateAgent.,['30546354_3271199282']
1801,2016-09-29,02:04:31,Info,CBS,"Read out cached package applicability for package: Package_for_KB3123479~31bf3856ad364e35~amd64~~6.1.1.0, ApplicableState: 112, CurrentState:112",28e57347,Read out cached package applicability for package: <*> ApplicableState: <*> <*>,"['Package_for_KB3123479~31bf3856ad364e35~amd64~~6.1.1.0,', '112, CurrentState:112']"
1802,2016-09-29,02:04:31,Info,CBS,Session: 30546354_3273319404 initialized by client WindowsUpdateAgent.,08fb5d73,Session: <*> initialized by client WindowsUpdateAgent.,['30546354_3273319404']
1803,2016-09-29,02:04:31,Info,CBS,"Read out cached package applicability for package: Package_for_KB3072630~31bf3856ad364e35~amd64~~6.1.1.0, ApplicableState: 80, CurrentState:112",28e57347,Read out cached package applicability for package: <*> ApplicableState: <*> <*>,"['Package_for_KB3072630~31bf3856ad364e35~amd64~~6.1.1.0,', '80, CurrentState:112']"
1804,2016-09-29,02:04:31,Info,CBS,Session: 30546354_3274739485 initialized by client WindowsUpdateAgent.,08fb5d73,Session: <*> initialized by client WindowsUpdateAgent.,['30546354_3274739485']
1805,2016-09-29,02:04:31,Info,CBS,"Read out cached package applicability for package: Package_for_KB3179573~31bf3856ad364e35~amd64~~6.1.1.0, ApplicableState: 112, CurrentState:112",28e57347,Read out cached package applicability for package: <*> ApplicableState: <*> <*>,"['Package_for_KB3179573~31bf3856ad364e35~amd64~~6.1.1.0,', '112, CurrentState:112']"
1806,2016-09-29,02:04:31,Info,CBS,Session: 30546354_3274949497 initialized by client WindowsUpdateAgent.,08fb5d73,Session: <*> initialized by client WindowsUpdateAgent.,['30546354_3274949497']
1807,2016-09-29,02:04:31,Info,CBS,"Read out cached package applicability for package: Microsoft-Hyper-V-Integration-Services-Package~31bf3856ad364e35~amd64~~6.3.9600.17903, ApplicableState: 112, CurrentState:0",28e57347,Read out cached package applicability for package: <*> ApplicableState: <*> <*>,"['Microsoft-Hyper-V-Integration-Services-Package~31bf3856ad364e35~amd64~~6.3.9600.17903,', '112, CurrentState:0']"
1808,2016-09-29,02:04:31,Info,CBS,Session: 30546354_3275569532 initialized by client WindowsUpdateAgent.,08fb5d73,Session: <*> initialized by client WindowsUpdateAgent.,['30546354_3275569532']
1809,2016-09-29,02:04:31,Info,CBS,"Read out cached package applicability for package: Package_for_KB2952664~31bf3856ad364e35~amd64~~6.1.19.0, ApplicableState: 112, CurrentState:112",28e57347,Read out cached package applicability for package: <*> ApplicableState: <*> <*>,"['Package_for_KB2952664~31bf3856ad364e35~amd64~~6.1.19.0,', '112, CurrentState:112']"
1810,2016-09-29,02:04:31,Info,CBS,Session: 30546354_3275839548 initialized by client WindowsUpdateAgent.,08fb5d73,Session: <*> initialized by client WindowsUpdateAgent.,['30546354_3275839548']
1811,2016-09-29,02:04:31,Info,CBS,"Read out cached package applicability for package: Package_for_KB3149090~31bf3856ad364e35~amd64~~6.1.1.1, ApplicableState: 112, CurrentState:112",28e57347,Read out cached package applicability for package: <*> ApplicableState: <*> <*>,"['Package_for_KB3149090~31bf3856ad364e35~amd64~~6.1.1.1,', '112, CurrentState:112']"
1812,2016-09-29,02:04:31,Info,CBS,Session: 30546354_3276819604 initialized by client WindowsUpdateAgent.,08fb5d73,Session: <*> initialized by client WindowsUpdateAgent.,['30546354_3276819604']
1813,2016-09-29,02:04:31,Info,CBS,"Read out cached package applicability for package: Package_for_KB3178034~31bf3856ad364e35~amd64~~6.1.1.1, ApplicableState: 112, CurrentState:112",28e57347,Read out cached package applicability for package: <*> ApplicableState: <*> <*>,"['Package_for_KB3178034~31bf3856ad364e35~amd64~~6.1.1.1,', '112, CurrentState:112']"
1814,2016-09-29,02:04:31,Info,CBS,Session: 30546354_3276969612 initialized by client WindowsUpdateAgent.,08fb5d73,Session: <*> initialized by client WindowsUpdateAgent.,['30546354_3276969612']
1815,2016-09-29,02:04:31,Info,CBS,"Read out cached package applicability for package: Package_for_KB3097989~31bf3856ad364e35~amd64~~6.1.1.1, ApplicableState: 112, CurrentState:112",28e57347,Read out cached package applicability for package: <*> ApplicableState: <*> <*>,"['Package_for_KB3097989~31bf3856ad364e35~amd64~~6.1.1.1,', '112, CurrentState:112']"
1816,2016-09-29,02:04:31,Info,CBS,Session: 30546354_3277269630 initialized by client WindowsUpdateAgent.,08fb5d73,Session: <*> initialized by client WindowsUpdateAgent.,['30546354_3277269630']
1817,2016-09-29,02:04:31,Info,CBS,"Read out cached package applicability for package: Package_for_KB2853587~31bf3856ad364e35~amd64~~6.1.1.2, ApplicableState: 0, CurrentState:0",28e57347,Read out cached package applicability for package: <*> ApplicableState: <*> <*>,"['Package_for_KB2853587~31bf3856ad364e35~amd64~~6.1.1.2,', '0, CurrentState:0']"
1818,2016-09-29,02:04:32,Info,CBS,Session: 30546354_3282399923 initialized by client WindowsUpdateAgent.,08fb5d73,Session: <*> initialized by client WindowsUpdateAgent.,['30546354_3282399923']
1819,2016-09-29,02:04:32,Info,CBS,"Read out cached package applicability for package: Package_for_KB2732059~31bf3856ad364e35~amd64~~6.1.5.1, ApplicableState: 112, CurrentState:112",28e57347,Read out cached package applicability for package: <*> ApplicableState: <*> <*>,"['Package_for_KB2732059~31bf3856ad364e35~amd64~~6.1.5.1,', '112, CurrentState:112']"
1820,2016-09-29,02:04:32,Info,CBS,Session: 30546354_3283119964 initialized by client WindowsUpdateAgent.,08fb5d73,Session: <*> initialized by client WindowsUpdateAgent.,['30546354_3283119964']
1821,2016-09-29,02:04:32,Info,CBS,"Read out cached package applicability for package: Package_for_KB3164033~31bf3856ad364e35~amd64~~6.1.1.0, ApplicableState: 112, CurrentState:112",28e57347,Read out cached package applicability for package: <*> ApplicableState: <*> <*>,"['Package_for_KB3164033~31bf3856ad364e35~amd64~~6.1.1.0,', '112, CurrentState:112']"
1822,2016-09-29,02:04:32,Info,CBS,Session: 30546354_3284880065 initialized by client WindowsUpdateAgent.,08fb5d73,Session: <*> initialized by client WindowsUpdateAgent.,['30546354_3284880065']
1823,2016-09-29,02:04:33,Info,CBS,"Read out cached package applicability for package: Package_for_KB3080149~31bf3856ad364e35~amd64~~6.1.1.1, ApplicableState: 112, CurrentState:112",28e57347,Read out cached package applicability for package: <*> ApplicableState: <*> <*>,"['Package_for_KB3080149~31bf3856ad364e35~amd64~~6.1.1.1,', '112, CurrentState:112']"
1824,2016-09-29,02:04:33,Info,CBS,Session: 30546354_3290590392 initialized by client WindowsUpdateAgent.,08fb5d73,Session: <*> initialized by client WindowsUpdateAgent.,['30546354_3290590392']
1825,2016-09-29,02:04:33,Info,CBS,"Read out cached package applicability for package: Package_for_KB3046017~31bf3856ad364e35~amd64~~6.1.1.1, ApplicableState: 112, CurrentState:112",28e57347,Read out cached package applicability for package: <*> ApplicableState: <*> <*>,"['Package_for_KB3046017~31bf3856ad364e35~amd64~~6.1.1.1,', '112, CurrentState:112']"
1826,2016-09-29,02:04:33,Info,CBS,Session: 30546354_3290750401 initialized by client WindowsUpdateAgent.,08fb5d73,Session: <*> initialized by client WindowsUpdateAgent.,['30546354_3290750401']
1827,2016-09-29,02:04:33,Info,CBS,"Read out cached package applicability for package: Package_for_KB3067904~31bf3856ad364e35~amd64~~6.1.1.2, ApplicableState: 80, CurrentState:0",28e57347,Read out cached package applicability for package: <*> ApplicableState: <*> <*>,"['Package_for_KB3067904~31bf3856ad364e35~amd64~~6.1.1.2,', '80, CurrentState:0']"
1828,2016-09-29,02:04:33,Info,CBS,Session: 30546354_3290900409 initialized by client WindowsUpdateAgent.,08fb5d73,Session: <*> initialized by client WindowsUpdateAgent.,['30546354_3290900409']
1829,2016-09-29,02:04:33,Info,CBS,"Read out cached package applicability for package: Package_for_KB2912390~31bf3856ad364e35~amd64~~6.1.1.2, ApplicableState: 112, CurrentState:112",28e57347,Read out cached package applicability for package: <*> ApplicableState: <*> <*>,"['Package_for_KB2912390~31bf3856ad364e35~amd64~~6.1.1.2,', '112, CurrentState:112']"
1830,2016-09-29,02:04:33,Info,CBS,Session: 30546354_3291640452 initialized by client WindowsUpdateAgent.,08fb5d73,Session: <*> initialized by client WindowsUpdateAgent.,['30546354_3291640452']
1831,2016-09-29,02:04:33,Info,CBS,"Read out cached package applicability for package: Package_for_KB2632503~31bf3856ad364e35~amd64~~6.1.1.0, ApplicableState: 80, CurrentState:0",28e57347,Read out cached package applicability for package: <*> ApplicableState: <*> <*>,"['Package_for_KB2632503~31bf3856ad364e35~amd64~~6.1.1.0,', '80, CurrentState:0']"
1832,2016-09-29,02:04:33,Info,CBS,Session: 30546354_3292390494 initialized by client WindowsUpdateAgent.,08fb5d73,Session: <*> initialized by client WindowsUpdateAgent.,['30546354_3292390494']
1833,2016-09-29,02:04:33,Info,CBS,"Read out cached package applicability for package: Package_for_KB2991963~31bf3856ad364e35~amd64~~6.1.1.0, ApplicableState: 112, CurrentState:112",28e57347,Read out cached package applicability for package: <*> ApplicableState: <*> <*>,"['Package_for_KB2991963~31bf3856ad364e35~amd64~~6.1.1.0,', '112, CurrentState:112']"
1834,2016-09-29,02:04:33,Info,CBS,Session: 30546354_3292510501 initialized by client WindowsUpdateAgent.,08fb5d73,Session: <*> initialized by client WindowsUpdateAgent.,['30546354_3292510501']
1835,2016-09-29,02:04:33,Info,CBS,"Read out cached package applicability for package: Package_for_KB2911501~31bf3856ad364e35~amd64~~6.1.1.2, ApplicableState: 112, CurrentState:112",28e57347,Read out cached package applicability for package: <*> ApplicableState: <*> <*>,"['Package_for_KB2911501~31bf3856ad364e35~amd64~~6.1.1.2,', '112, CurrentState:112']"
1836,2016-09-29,02:04:33,Info,CBS,Session: 30546354_3293810576 initialized by client WindowsUpdateAgent.,08fb5d73,Session: <*> initialized by client WindowsUpdateAgent.,['30546354_3293810576']
1837,2016-09-29,02:04:33,Info,CBS,"Read out cached package applicability for package: Package_for_KB2984972~31bf3856ad364e35~amd64~~6.1.1.4, ApplicableState: 112, CurrentState:112",28e57347,Read out cached package applicability for package: <*> ApplicableState: <*> <*>,"['Package_for_KB2984972~31bf3856ad364e35~amd64~~6.1.1.4,', '112, CurrentState:112']"
1838,2016-09-29,02:04:33,Info,CBS,Session: 30546354_3297200770 initialized by client WindowsUpdateAgent.,08fb5d73,Session: <*> initialized by client WindowsUpdateAgent.,['30546354_3297200770']
1839,2016-09-29,02:04:33,Info,CBS,"Read out cached package applicability for package: Package_for_KB3121461~31bf3856ad364e35~amd64~~6.1.1.2, ApplicableState: 80, CurrentState:112",28e57347,Read out cached package applicability for package: <*> ApplicableState: <*> <*>,"['Package_for_KB3121461~31bf3856ad364e35~amd64~~6.1.1.2,', '80, CurrentState:112']"
1840,2016-09-29,02:04:33,Info,CBS,Session: 30546354_3297210770 initialized by client WindowsUpdateAgent.,08fb5d73,Session: <*> initialized by client WindowsUpdateAgent.,['30546354_3297210770']
1841,2016-09-29,02:04:33,Info,CBS,"Read out cached package applicability for package: Package_for_KB3161958~31bf3856ad364e35~amd64~~6.1.1.1, ApplicableState: 112, CurrentState:112",28e57347,Read out cached package applicability for package: <*> ApplicableState: <*> <*>,"['Package_for_KB3161958~31bf3856ad364e35~amd64~~6.1.1.1,', '112, CurrentState:112']"
1842,2016-09-29,02:04:34,Info,CBS,Session: 30546354_3298080820 initialized by client WindowsUpdateAgent.,08fb5d73,Session: <*> initialized by client WindowsUpdateAgent.,['30546354_3298080820']
1843,2016-09-29,02:04:34,Info,CBS,"Read out cached package applicability for package: Package_for_KB2888049~31bf3856ad364e35~amd64~~6.1.1.1, ApplicableState: 80, CurrentState:112",28e57347,Read out cached package applicability for package: <*> ApplicableState: <*> <*>,"['Package_for_KB2888049~31bf3856ad364e35~amd64~~6.1.1.1,', '80, CurrentState:112']"
1844,2016-09-29,02:04:34,Info,CBS,Session: 30546354_3298800861 initialized by client WindowsUpdateAgent.,08fb5d73,Session: <*> initialized by client WindowsUpdateAgent.,['30546354_3298800861']
1845,2016-09-29,02:04:34,Info,CBS,"Read out cached package applicability for package: Package_for_KB2773072~31bf3856ad364e35~amd64~~6.1.1.5, ApplicableState: 112, CurrentState:112",28e57347,Read out cached package applicability for package: <*> ApplicableState: <*> <*>,"['Package_for_KB2773072~31bf3856ad364e35~amd64~~6.1.1.5,', '112, CurrentState:112']"
1846,2016-09-29,02:04:34,Info,CBS,Session: 30546354_3300650967 initialized by client WindowsUpdateAgent.,08fb5d73,Session: <*> initialized by client WindowsUpdateAgent.,['30546354_3300650967']
1847,2016-09-29,02:04:34,Info,CBS,"Read out cached package applicability for package: Package_for_KB2579686~31bf3856ad364e35~amd64~~6.1.1.1, ApplicableState: 112, CurrentState:112",28e57347,Read out cached package applicability for package: <*> ApplicableState: <*> <*>,"['Package_for_KB2579686~31bf3856ad364e35~amd64~~6.1.1.1,', '112, CurrentState:112']"
1848,2016-09-29,02:04:34,Info,CBS,Session: 30546354_3300820977 initialized by client WindowsUpdateAgent.,08fb5d73,Session: <*> initialized by client WindowsUpdateAgent.,['30546354_3300820977']
1849,2016-09-29,02:04:34,Info,CBS,"Read out cached package applicability for package: Package_for_KB3075222~31bf3856ad364e35~amd64~~6.1.1.1, ApplicableState: 80, CurrentState:0",28e57347,Read out cached package applicability for package: <*> ApplicableState: <*> <*>,"['Package_for_KB3075222~31bf3856ad364e35~amd64~~6.1.1.1,', '80, CurrentState:0']"
1850,2016-09-29,02:04:34,Info,CBS,Session: 30546354_3300870980 initialized by client WindowsUpdateAgent.,08fb5d73,Session: <*> initialized by client WindowsUpdateAgent.,['30546354_3300870980']
1851,2016-09-29,02:04:34,Info,CBS,"Read out cached package applicability for package: Microsoft-Windows-Embedded-EmbeddedLockdown-Package-TopLevel~31bf3856ad364e35~amd64~~7.1.7601.16511, ApplicableState: 112, CurrentState:0",28e57347,Read out cached package applicability for package: <*> ApplicableState: <*> <*>,"['Microsoft-Windows-Embedded-EmbeddedLockdown-Package-TopLevel~31bf3856ad364e35~amd64~~7.1.7601.16511,', '112, CurrentState:0']"
1852,2016-09-29,02:04:34,Info,CBS,Session: 30546354_3300980986 initialized by client WindowsUpdateAgent.,08fb5d73,Session: <*> initialized by client WindowsUpdateAgent.,['30546354_3300980986']
1853,2016-09-29,02:04:34,Info,CBS,"Read out cached package applicability for package: Package_for_KB2544893~31bf3856ad364e35~amd64~~6.1.1.1, ApplicableState: 80, CurrentState:112",28e57347,Read out cached package applicability for package: <*> ApplicableState: <*> <*>,"['Package_for_KB2544893~31bf3856ad364e35~amd64~~6.1.1.1,', '80, CurrentState:112']"
1854,2016-09-29,02:04:34,Info,CBS,Session: 30546354_3301050990 initialized by client WindowsUpdateAgent.,08fb5d73,Session: <*> initialized by client WindowsUpdateAgent.,['30546354_3301050990']
1855,2016-09-29,02:04:34,Info,CBS,"Read out cached package applicability for package: Package_for_KB2685939~31bf3856ad364e35~amd64~~6.1.1.2, ApplicableState: 80, CurrentState:112",28e57347,Read out cached package applicability for package: <*> ApplicableState: <*> <*>,"['Package_for_KB2685939~31bf3856ad364e35~amd64~~6.1.1.2,', '80, CurrentState:112']"
1856,2016-09-29,02:04:34,Info,CBS,Session: 30546354_3301471014 initialized by client WindowsUpdateAgent.,08fb5d73,Session: <*> initialized by client WindowsUpdateAgent.,['30546354_3301471014']
1857,2016-09-29,02:04:34,Info,CBS,"Read out cached package applicability for package: Package_for_KB2729452~31bf3856ad364e35~amd64~~6.1.1.0, ApplicableState: 80, CurrentState:112",28e57347,Read out cached package applicability for package: <*> ApplicableState: <*> <*>,"['Package_for_KB2729452~31bf3856ad364e35~amd64~~6.1.1.0,', '80, CurrentState:112']"
1858,2016-09-29,02:04:34,Info,CBS,Session: 30546354_3306751316 initialized by client WindowsUpdateAgent.,08fb5d73,Session: <*> initialized by client WindowsUpdateAgent.,['30546354_3306751316']
1859,2016-09-29,02:04:34,Info,CBS,"Read out cached package applicability for package: Package_for_KB3020388~31bf3856ad364e35~amd64~~6.1.1.1, ApplicableState: 112, CurrentState:112",28e57347,Read out cached package applicability for package: <*> ApplicableState: <*> <*>,"['Package_for_KB3020388~31bf3856ad364e35~amd64~~6.1.1.1,', '112, CurrentState:112']"
1860,2016-09-29,02:04:34,Info,CBS,Session: 30546354_3307521360 initialized by client WindowsUpdateAgent.,08fb5d73,Session: <*> initialized by client WindowsUpdateAgent.,['30546354_3307521360']
1861,2016-09-29,02:04:35,Info,CBS,"Read out cached package applicability for package: Package_for_KB2742599~31bf3856ad364e35~amd64~~6.1.1.0, ApplicableState: 112, CurrentState:112",28e57347,Read out cached package applicability for package: <*> ApplicableState: <*> <*>,"['Package_for_KB2742599~31bf3856ad364e35~amd64~~6.1.1.0,', '112, CurrentState:112']"
1862,2016-09-29,02:04:35,Info,CBS,Session: 30546354_3308511417 initialized by client WindowsUpdateAgent.,08fb5d73,Session: <*> initialized by client WindowsUpdateAgent.,['30546354_3308511417']
1863,2016-09-29,02:04:35,Info,CBS,"Read out cached package applicability for package: Package_for_KB3181988~31bf3856ad364e35~amd64~~6.1.1.1, ApplicableState: 112, CurrentState:112",28e57347,Read out cached package applicability for package: <*> ApplicableState: <*> <*>,"['Package_for_KB3181988~31bf3856ad364e35~amd64~~6.1.1.1,', '112, CurrentState:112']"
1864,2016-09-29,02:04:35,Info,CBS,Session: 30546354_3309061448 initialized by client WindowsUpdateAgent.,08fb5d73,Session: <*> initialized by client WindowsUpdateAgent.,['30546354_3309061448']
1865,2016-09-29,02:04:35,Info,CBS,"Read out cached package applicability for package: Package_for_KB2685813~31bf3856ad364e35~amd64~~6.1.1.11, ApplicableState: 112, CurrentState:112",28e57347,Read out cached package applicability for package: <*> ApplicableState: <*> <*>,"['Package_for_KB2685813~31bf3856ad364e35~amd64~~6.1.1.11,', '112, CurrentState:112']"
1866,2016-09-29,02:04:35,Info,CBS,Session: 30546354_3309721486 initialized by client WindowsUpdateAgent.,08fb5d73,Session: <*> initialized by client WindowsUpdateAgent.,['30546354_3309721486']
1867,2016-09-29,02:04:35,Info,CBS,"Read out cached package applicability for package: Package_for_KB2690533~31bf3856ad364e35~amd64~~6.1.1.0, ApplicableState: 112, CurrentState:112",28e57347,Read out cached package applicability for package: <*> ApplicableState: <*> <*>,"['Package_for_KB2690533~31bf3856ad364e35~amd64~~6.1.1.0,', '112, CurrentState:112']"
1868,2016-09-29,02:04:35,Info,CBS,Session: 30546354_3310261517 initialized by client WindowsUpdateAgent.,08fb5d73,Session: <*> initialized by client WindowsUpdateAgent.,['30546354_3310261517']
1869,2016-09-29,02:04:35,Info,CBS,"Read out cached package applicability for package: Package_for_KB3075249~31bf3856ad364e35~amd64~~6.1.1.0, ApplicableState: 80, CurrentState:112",28e57347,Read out cached package applicability for package: <*> ApplicableState: <*> <*>,"['Package_for_KB3075249~31bf3856ad364e35~amd64~~6.1.1.0,', '80, CurrentState:112']"
1870,2016-09-29,02:04:35,Info,CBS,Session: 30546354_3311291576 initialized by client WindowsUpdateAgent.,08fb5d73,Session: <*> initialized by client WindowsUpdateAgent.,['30546354_3311291576']
1871,2016-09-29,02:04:35,Info,CBS,"Read out cached package applicability for package: Package_for_KB3156016~31bf3856ad364e35~amd64~~6.1.1.1, ApplicableState: 112, CurrentState:112",28e57347,Read out cached package applicability for package: <*> ApplicableState: <*> <*>,"['Package_for_KB3156016~31bf3856ad364e35~amd64~~6.1.1.1,', '112, CurrentState:112']"
1872,2016-09-29,02:04:35,Info,CBS,Session: 30546354_3311811605 initialized by client WindowsUpdateAgent.,08fb5d73,Session: <*> initialized by client WindowsUpdateAgent.,['30546354_3311811605']
1873,2016-09-29,02:04:35,Info,CBS,"Read out cached package applicability for package: Package_for_KB3139914~31bf3856ad364e35~amd64~~6.1.1.0, ApplicableState: 112, CurrentState:112",28e57347,Read out cached package applicability for package: <*> ApplicableState: <*> <*>,"['Package_for_KB3139914~31bf3856ad364e35~amd64~~6.1.1.0,', '112, CurrentState:112']"
1874,2016-09-29,02:04:35,Info,CBS,Session: 30546354_3311911611 initialized by client WindowsUpdateAgent.,08fb5d73,Session: <*> initialized by client WindowsUpdateAgent.,['30546354_3311911611']
1875,2016-09-29,02:04:35,Info,CBS,"Read out cached package applicability for package: Package_for_KB2621440~31bf3856ad364e35~amd64~~6.1.1.5, ApplicableState: 112, CurrentState:112",28e57347,Read out cached package applicability for package: <*> ApplicableState: <*> <*>,"['Package_for_KB2621440~31bf3856ad364e35~amd64~~6.1.1.5,', '112, CurrentState:112']"
1876,2016-09-29,02:04:35,Info,CBS,Session: 30546354_3312101622 initialized by client WindowsUpdateAgent.,08fb5d73,Session: <*> initialized by client WindowsUpdateAgent.,['30546354_3312101622']
1877,2016-09-29,02:04:35,Info,CBS,"Read out cached package applicability for package: Package_for_KB3054476~31bf3856ad364e35~amd64~~6.1.1.0, ApplicableState: 112, CurrentState:112",28e57347,Read out cached package applicability for package: <*> ApplicableState: <*> <*>,"['Package_for_KB3054476~31bf3856ad364e35~amd64~~6.1.1.0,', '112, CurrentState:112']"
1878,2016-09-29,02:04:35,Info,CBS,Session: 30546354_3312401639 initialized by client WindowsUpdateAgent.,08fb5d73,Session: <*> initialized by client WindowsUpdateAgent.,['30546354_3312401639']
1879,2016-09-29,02:04:35,Info,CBS,"Read out cached package applicability for package: Package_for_KB3122648~31bf3856ad364e35~amd64~~6.1.1.0, ApplicableState: 112, CurrentState:112",28e57347,Read out cached package applicability for package: <*> ApplicableState: <*> <*>,"['Package_for_KB3122648~31bf3856ad364e35~amd64~~6.1.1.0,', '112, CurrentState:112']"
1880,2016-09-29,02:04:35,Info,CBS,Session: 30546354_3312641653 initialized by client WindowsUpdateAgent.,08fb5d73,Session: <*> initialized by client WindowsUpdateAgent.,['30546354_3312641653']
1881,2016-09-29,02:04:35,Info,CBS,"Read out cached package applicability for package: Package_for_KB3042553~31bf3856ad364e35~amd64~~6.1.1.1, ApplicableState: 112, CurrentState:112",28e57347,Read out cached package applicability for package: <*> ApplicableState: <*> <*>,"['Package_for_KB3042553~31bf3856ad364e35~amd64~~6.1.1.1,', '112, CurrentState:112']"
1882,2016-09-29,02:04:35,Info,CBS,Session: 30546354_3313121680 initialized by client WindowsUpdateAgent.,08fb5d73,Session: <*> initialized by client WindowsUpdateAgent.,['30546354_3313121680']
1883,2016-09-29,02:04:35,Info,CBS,"Read out cached package applicability for package: Package_for_KB2732487~31bf3856ad364e35~amd64~~6.1.2.0, ApplicableState: 112, CurrentState:112",28e57347,Read out cached package applicability for package: <*> ApplicableState: <*> <*>,"['Package_for_KB2732487~31bf3856ad364e35~amd64~~6.1.2.0,', '112, CurrentState:112']"
1884,2016-09-29,02:04:35,Info,CBS,Session: 30546354_3313241687 initialized by client WindowsUpdateAgent.,08fb5d73,Session: <*> initialized by client WindowsUpdateAgent.,['30546354_3313241687']
1885,2016-09-29,02:04:35,Info,CBS,"Read out cached package applicability for package: Package_for_KB3005607~31bf3856ad364e35~amd64~~6.1.1.0, ApplicableState: 80, CurrentState:112",28e57347,Read out cached package applicability for package: <*> ApplicableState: <*> <*>,"['Package_for_KB3005607~31bf3856ad364e35~amd64~~6.1.1.0,', '80, CurrentState:112']"
1886,2016-09-29,02:04:35,Info,CBS,Session: 30546354_3313271689 initialized by client WindowsUpdateAgent.,08fb5d73,Session: <*> initialized by client WindowsUpdateAgent.,['30546354_3313271689']
1887,2016-09-29,02:04:35,Info,CBS,Session: 30546354_3315431812 initialized by client WindowsUpdateAgent.,08fb5d73,Session: <*> initialized by client WindowsUpdateAgent.,['30546354_3315431812']
1888,2016-09-29,02:04:35,Info,CBS,"Read out cached package applicability for package: Package_for_KB3184143~31bf3856ad364e35~amd64~~6.1.1.4, ApplicableState: 112, CurrentState:112",28e57347,Read out cached package applicability for package: <*> ApplicableState: <*> <*>,"['Package_for_KB3184143~31bf3856ad364e35~amd64~~6.1.1.4,', '112, CurrentState:112']"
1889,2016-09-29,02:04:36,Info,CBS,Session: 30546354_3319352037 initialized by client WindowsUpdateAgent.,08fb5d73,Session: <*> initialized by client WindowsUpdateAgent.,['30546354_3319352037']
1890,2016-09-29,02:04:36,Info,CBS,"Read out cached package applicability for package: Package_for_KB2992611~31bf3856ad364e35~amd64~~6.1.1.0, ApplicableState: 112, CurrentState:112",28e57347,Read out cached package applicability for package: <*> ApplicableState: <*> <*>,"['Package_for_KB2992611~31bf3856ad364e35~amd64~~6.1.1.0,', '112, CurrentState:112']"
1891,2016-09-29,02:04:36,Info,CBS,Session: 30546354_3321642168 initialized by client WindowsUpdateAgent.,08fb5d73,Session: <*> initialized by client WindowsUpdateAgent.,['30546354_3321642168']
1892,2016-09-29,02:04:36,Info,CBS,"Read out cached package applicability for package: Package_for_KB2727528~31bf3856ad364e35~amd64~~6.1.1.1, ApplicableState: 112, CurrentState:112",28e57347,Read out cached package applicability for package: <*> ApplicableState: <*> <*>,"['Package_for_KB2727528~31bf3856ad364e35~amd64~~6.1.1.1,', '112, CurrentState:112']"
1893,2016-09-29,02:04:36,Info,CBS,Session: 30546354_3321782176 initialized by client WindowsUpdateAgent.,08fb5d73,Session: <*> initialized by client WindowsUpdateAgent.,['30546354_3321782176']
1894,2016-09-29,02:04:36,Info,CBS,"Read out cached package applicability for package: Package_for_KB2506014~31bf3856ad364e35~amd64~~6.1.1.0, ApplicableState: 112, CurrentState:112",28e57347,Read out cached package applicability for package: <*> ApplicableState: <*> <*>,"['Package_for_KB2506014~31bf3856ad364e35~amd64~~6.1.1.0,', '112, CurrentState:112']"
1895,2016-09-29,02:04:36,Info,CBS,Session: 30546354_3327172484 initialized by client WindowsUpdateAgent.,08fb5d73,Session: <*> initialized by client WindowsUpdateAgent.,['30546354_3327172484']
1896,2016-09-29,02:04:36,Info,CBS,"Read out cached package applicability for package: Package_for_KB2868116~31bf3856ad364e35~amd64~~6.1.1.1, ApplicableState: 112, CurrentState:112",28e57347,Read out cached package applicability for package: <*> ApplicableState: <*> <*>,"['Package_for_KB2868116~31bf3856ad364e35~amd64~~6.1.1.1,', '112, CurrentState:112']"
1897,2016-09-29,02:04:37,Info,CBS,Session: 30546354_3328072535 initialized by client WindowsUpdateAgent.,08fb5d73,Session: <*> initialized by client WindowsUpdateAgent.,['30546354_3328072535']
1898,2016-09-29,02:04:37,Info,CBS,"Read out cached package applicability for package: Package_for_KB2861698~31bf3856ad364e35~amd64~~6.1.1.0, ApplicableState: 112, CurrentState:112",28e57347,Read out cached package applicability for package: <*> ApplicableState: <*> <*>,"['Package_for_KB2861698~31bf3856ad364e35~amd64~~6.1.1.0,', '112, CurrentState:112']"
1899,2016-09-29,02:04:37,Info,CBS,Session: 30546354_3328272547 initialized by client WindowsUpdateAgent.,08fb5d73,Session: <*> initialized by client WindowsUpdateAgent.,['30546354_3328272547']
1900,2016-09-29,02:04:37,Info,CBS,"Read out cached package applicability for package: Package_for_KB3092627~31bf3856ad364e35~amd64~~6.1.1.0, ApplicableState: 112, CurrentState:112",28e57347,Read out cached package applicability for package: <*> ApplicableState: <*> <*>,"['Package_for_KB3092627~31bf3856ad364e35~amd64~~6.1.1.0,', '112, CurrentState:112']"
1901,2016-09-29,02:04:37,Info,CBS,Session: 30546354_3328722573 initialized by client WindowsUpdateAgent.,08fb5d73,Session: <*> initialized by client WindowsUpdateAgent.,['30546354_3328722573']
1902,2016-09-29,02:04:37,Info,CBS,"Read out cached package applicability for package: Package_for_KB2984976~31bf3856ad364e35~amd64~~6.1.1.3, ApplicableState: 80, CurrentState:112",28e57347,Read out cached package applicability for package: <*> ApplicableState: <*> <*>,"['Package_for_KB2984976~31bf3856ad364e35~amd64~~6.1.1.3,', '80, CurrentState:112']"
1903,2016-09-29,02:04:37,Info,CBS,Session: 30546354_3329762632 initialized by client WindowsUpdateAgent.,08fb5d73,Session: <*> initialized by client WindowsUpdateAgent.,['30546354_3329762632']
1904,2016-09-29,02:04:37,Info,CBS,"Read out cached package applicability for package: Package_for_KB3102429~31bf3856ad364e35~amd64~~6.1.2.0, ApplicableState: 112, CurrentState:112",28e57347,Read out cached package applicability for package: <*> ApplicableState: <*> <*>,"['Package_for_KB3102429~31bf3856ad364e35~amd64~~6.1.2.0,', '112, CurrentState:112']"
1905,2016-09-29,02:04:37,Info,CBS,Session: 30546354_3330712686 initialized by client WindowsUpdateAgent.,08fb5d73,Session: <*> initialized by client WindowsUpdateAgent.,['30546354_3330712686']
1906,2016-09-29,02:04:37,Info,CBS,"Read out cached package applicability for package: Package_for_KB3005788~31bf3856ad364e35~amd64~~6.1.1.0, ApplicableState: 80, CurrentState:0",28e57347,Read out cached package applicability for package: <*> ApplicableState: <*> <*>,"['Package_for_KB3005788~31bf3856ad364e35~amd64~~6.1.1.0,', '80, CurrentState:0']"
1907,2016-09-29,02:04:37,Info,CBS,Session: 30546354_3332522790 initialized by client WindowsUpdateAgent.,08fb5d73,Session: <*> initialized by client WindowsUpdateAgent.,['30546354_3332522790']
1908,2016-09-29,02:04:37,Info,CBS,"Read out cached package applicability for package: Package_for_KB3006121~31bf3856ad364e35~amd64~~6.1.1.0, ApplicableState: 112, CurrentState:112",28e57347,Read out cached package applicability for package: <*> ApplicableState: <*> <*>,"['Package_for_KB3006121~31bf3856ad364e35~amd64~~6.1.1.0,', '112, CurrentState:112']"
1909,2016-09-29,02:04:37,Info,CBS,Session: 30546354_3334232888 initialized by client WindowsUpdateAgent.,08fb5d73,Session: <*> initialized by client WindowsUpdateAgent.,['30546354_3334232888']
1910,2016-09-29,02:04:37,Info,CBS,"Read out cached package applicability for package: Package_for_KB2813430~31bf3856ad364e35~amd64~~6.1.1.4, ApplicableState: 112, CurrentState:112",28e57347,Read out cached package applicability for package: <*> ApplicableState: <*> <*>,"['Package_for_KB2813430~31bf3856ad364e35~amd64~~6.1.1.4,', '112, CurrentState:112']"
1911,2016-09-29,02:04:37,Info,CBS,Session: 30546354_3336152998 initialized by client WindowsUpdateAgent.,08fb5d73,Session: <*> initialized by client WindowsUpdateAgent.,['30546354_3336152998']
1912,2016-09-29,02:04:37,Info,CBS,"Read out cached package applicability for package: Package_for_KB3033889~31bf3856ad364e35~amd64~~6.1.1.0, ApplicableState: 112, CurrentState:112",28e57347,Read out cached package applicability for package: <*> ApplicableState: <*> <*>,"['Package_for_KB3033889~31bf3856ad364e35~amd64~~6.1.1.0,', '112, CurrentState:112']"
1913,2016-09-29,02:04:37,Info,CBS,Session: 30546354_3336463015 initialized by client WindowsUpdateAgent.,08fb5d73,Session: <*> initialized by client WindowsUpdateAgent.,['30546354_3336463015']
1914,2016-09-29,02:04:37,Info,CBS,"Read out cached package applicability for package: Package_for_KB3037574~31bf3856ad364e35~amd64~~6.1.1.0, ApplicableState: 112, CurrentState:112",28e57347,Read out cached package applicability for package: <*> ApplicableState: <*> <*>,"['Package_for_KB3037574~31bf3856ad364e35~amd64~~6.1.1.0,', '112, CurrentState:112']"
1915,2016-09-29,02:04:37,Info,CBS,Session: 30546354_3336883039 initialized by client WindowsUpdateAgent.,08fb5d73,Session: <*> initialized by client WindowsUpdateAgent.,['30546354_3336883039']
1916,2016-09-29,02:04:37,Info,CBS,"Read out cached package applicability for package: Package_for_KB2977292~31bf3856ad364e35~amd64~~6.1.1.0, ApplicableState: 112, CurrentState:112",28e57347,Read out cached package applicability for package: <*> ApplicableState: <*> <*>,"['Package_for_KB2977292~31bf3856ad364e35~amd64~~6.1.1.0,', '112, CurrentState:112']"
1917,2016-09-29,02:04:37,Info,CBS,Session: 30546354_3337033048 initialized by client WindowsUpdateAgent.,08fb5d73,Session: <*> initialized by client WindowsUpdateAgent.,['30546354_3337033048']
1918,2016-09-29,02:04:37,Info,CBS,"Read out cached package applicability for package: Package_for_KB3161949~31bf3856ad364e35~amd64~~6.1.1.0, ApplicableState: 112, CurrentState:112",28e57347,Read out cached package applicability for package: <*> ApplicableState: <*> <*>,"['Package_for_KB3161949~31bf3856ad364e35~amd64~~6.1.1.0,', '112, CurrentState:112']"
1919,2016-09-29,02:04:37,Info,CBS,Session: 30546354_3337223059 initialized by client WindowsUpdateAgent.,08fb5d73,Session: <*> initialized by client WindowsUpdateAgent.,['30546354_3337223059']
1920,2016-09-29,02:04:37,Info,CBS,"Read out cached package applicability for package: Package_for_KB3006625~31bf3856ad364e35~amd64~~6.1.1.0, ApplicableState: 80, CurrentState:112",28e57347,Read out cached package applicability for package: <*> ApplicableState: <*> <*>,"['Package_for_KB3006625~31bf3856ad364e35~amd64~~6.1.1.0,', '80, CurrentState:112']"
1921,2016-09-29,02:04:37,Info,CBS,Session: 30546354_3337373067 initialized by client WindowsUpdateAgent.,08fb5d73,Session: <*> initialized by client WindowsUpdateAgent.,['30546354_3337373067']
1922,2016-09-29,02:04:37,Info,CBS,"Read out cached package applicability for package: Package_for_KB3159398~31bf3856ad364e35~amd64~~6.1.1.1, ApplicableState: 112, CurrentState:112",28e57347,Read out cached package applicability for package: <*> ApplicableState: <*> <*>,"['Package_for_KB3159398~31bf3856ad364e35~amd64~~6.1.1.1,', '112, CurrentState:112']"
1923,2016-09-29,02:04:37,Info,CBS,Session: 30546354_3337653083 initialized by client WindowsUpdateAgent.,08fb5d73,Session: <*> initialized by client WindowsUpdateAgent.,['30546354_3337653083']
1924,2016-09-29,02:04:37,Info,CBS,"Read out cached package applicability for package: Package_for_KB3035017~31bf3856ad364e35~amd64~~6.1.1.0, ApplicableState: 80, CurrentState:0",28e57347,Read out cached package applicability for package: <*> ApplicableState: <*> <*>,"['Package_for_KB3035017~31bf3856ad364e35~amd64~~6.1.1.0,', '80, CurrentState:0']"
1925,2016-09-29,02:04:37,Info,CBS,Session: 30546354_3337743089 initialized by client WindowsUpdateAgent.,08fb5d73,Session: <*> initialized by client WindowsUpdateAgent.,['30546354_3337743089']
1926,2016-09-29,02:04:37,Info,CBS,"Read out cached package applicability for package: Package_for_KB2993651~31bf3856ad364e35~amd64~~6.1.1.3, ApplicableState: 80, CurrentState:112",28e57347,Read out cached package applicability for package: <*> ApplicableState: <*> <*>,"['Package_for_KB2993651~31bf3856ad364e35~amd64~~6.1.1.3,', '80, CurrentState:112']"
1927,2016-09-29,02:04:37,Info,CBS,Session: 30546354_3337823093 initialized by client WindowsUpdateAgent.,08fb5d73,Session: <*> initialized by client WindowsUpdateAgent.,['30546354_3337823093']
1928,2016-09-29,02:04:37,Info,CBS,"Read out cached package applicability for package: Package_for_KB3184122~31bf3856ad364e35~amd64~~6.1.1.0, ApplicableState: 112, CurrentState:112",28e57347,Read out cached package applicability for package: <*> ApplicableState: <*> <*>,"['Package_for_KB3184122~31bf3856ad364e35~amd64~~6.1.1.0,', '112, CurrentState:112']"
1929,2016-09-29,02:04:37,Info,CBS,Session: 30546354_3337953101 initialized by client WindowsUpdateAgent.,08fb5d73,Session: <*> initialized by client WindowsUpdateAgent.,['30546354_3337953101']
1930,2016-09-29,02:04:38,Info,CBS,"Read out cached package applicability for package: Package_for_KB2786081~31bf3856ad364e35~amd64~~6.1.1.0, ApplicableState: 112, CurrentState:112",28e57347,Read out cached package applicability for package: <*> ApplicableState: <*> <*>,"['Package_for_KB2786081~31bf3856ad364e35~amd64~~6.1.1.0,', '112, CurrentState:112']"
1931,2016-09-29,02:04:38,Info,CBS,Session: 30546354_3338053106 initialized by client WindowsUpdateAgent.,08fb5d73,Session: <*> initialized by client WindowsUpdateAgent.,['30546354_3338053106']
1932,2016-09-29,02:04:38,Info,CBS,"Read out cached package applicability for package: Package_for_KB2761217~31bf3856ad364e35~amd64~~6.1.1.0, ApplicableState: 112, CurrentState:112",28e57347,Read out cached package applicability for package: <*> ApplicableState: <*> <*>,"['Package_for_KB2761217~31bf3856ad364e35~amd64~~6.1.1.0,', '112, CurrentState:112']"
1933,2016-09-29,02:04:38,Info,CBS,Session: 30546354_3338453129 initialized by client WindowsUpdateAgent.,08fb5d73,Session: <*> initialized by client WindowsUpdateAgent.,['30546354_3338453129']
1934,2016-09-29,02:04:38,Info,CBS,"Read out cached package applicability for package: Package_for_KB3142024~31bf3856ad364e35~amd64~~6.1.1.1, ApplicableState: 112, CurrentState:112",28e57347,Read out cached package applicability for package: <*> ApplicableState: <*> <*>,"['Package_for_KB3142024~31bf3856ad364e35~amd64~~6.1.1.1,', '112, CurrentState:112']"
1935,2016-09-29,02:04:38,Info,CBS,Session: 30546354_3338913155 initialized by client WindowsUpdateAgent.,08fb5d73,Session: <*> initialized by client WindowsUpdateAgent.,['30546354_3338913155']
1936,2016-09-29,02:04:38,Info,CBS,"Read out cached package applicability for package: Package_for_KB2835174~31bf3856ad364e35~amd64~~6.1.1.0, ApplicableState: 0, CurrentState:0",28e57347,Read out cached package applicability for package: <*> ApplicableState: <*> <*>,"['Package_for_KB2835174~31bf3856ad364e35~amd64~~6.1.1.0,', '0, CurrentState:0']"
1937,2016-09-29,02:04:38,Info,CBS,Session: 30546354_3339973216 initialized by client WindowsUpdateAgent.,08fb5d73,Session: <*> initialized by client WindowsUpdateAgent.,['30546354_3339973216']
1938,2016-09-29,02:04:38,Info,CBS,"Read out cached package applicability for package: Package_for_KB2808679~31bf3856ad364e35~amd64~~6.1.1.2, ApplicableState: 112, CurrentState:112",28e57347,Read out cached package applicability for package: <*> ApplicableState: <*> <*>,"['Package_for_KB2808679~31bf3856ad364e35~amd64~~6.1.1.2,', '112, CurrentState:112']"
1939,2016-09-29,02:04:38,Info,CBS,Session: 30546354_3341763318 initialized by client WindowsUpdateAgent.,08fb5d73,Session: <*> initialized by client WindowsUpdateAgent.,['30546354_3341763318']
1940,2016-09-29,02:04:38,Info,CBS,"Read out cached package applicability for package: Package_for_KB2552343~31bf3856ad364e35~amd64~~6.1.1.0, ApplicableState: 112, CurrentState:112",28e57347,Read out cached package applicability for package: <*> ApplicableState: <*> <*>,"['Package_for_KB2552343~31bf3856ad364e35~amd64~~6.1.1.0,', '112, CurrentState:112']"
1941,2016-09-29,02:04:38,Info,CBS,Session: 30546354_3341883325 initialized by client WindowsUpdateAgent.,08fb5d73,Session: <*> initialized by client WindowsUpdateAgent.,['30546354_3341883325']
1942,2016-09-29,02:04:38,Info,CBS,"Read out cached package applicability for package: Package_for_KB2532531~31bf3856ad364e35~amd64~~6.1.1.0, ApplicableState: 80, CurrentState:112",28e57347,Read out cached package applicability for package: <*> ApplicableState: <*> <*>,"['Package_for_KB2532531~31bf3856ad364e35~amd64~~6.1.1.0,', '80, CurrentState:112']"
1943,2016-09-29,02:04:38,Info,CBS,Session: 30546354_3342443357 initialized by client WindowsUpdateAgent.,08fb5d73,Session: <*> initialized by client WindowsUpdateAgent.,['30546354_3342443357']
1944,2016-09-29,02:04:38,Info,CBS,"Read out cached package applicability for package: Package_for_KB2973112~31bf3856ad364e35~amd64~~6.1.1.0, ApplicableState: 112, CurrentState:112",28e57347,Read out cached package applicability for package: <*> ApplicableState: <*> <*>,"['Package_for_KB2973112~31bf3856ad364e35~amd64~~6.1.1.0,', '112, CurrentState:112']"
1945,2016-09-29,02:04:38,Info,CBS,Session: 30546354_3342893383 initialized by client WindowsUpdateAgent.,08fb5d73,Session: <*> initialized by client WindowsUpdateAgent.,['30546354_3342893383']
1946,2016-09-29,02:04:38,Info,CBS,"Read out cached package applicability for package: Package_for_KB2653956~31bf3856ad364e35~amd64~~6.1.1.5, ApplicableState: 80, CurrentState:112",28e57347,Read out cached package applicability for package: <*> ApplicableState: <*> <*>,"['Package_for_KB2653956~31bf3856ad364e35~amd64~~6.1.1.5,', '80, CurrentState:112']"
1947,2016-09-29,02:04:38,Info,CBS,Session: 30546354_3343043392 initialized by client WindowsUpdateAgent.,08fb5d73,Session: <*> initialized by client WindowsUpdateAgent.,['30546354_3343043392']
1948,2016-09-29,02:04:38,Info,CBS,"Read out cached package applicability for package: Package_for_KB3101722~31bf3856ad364e35~amd64~~6.1.1.0, ApplicableState: 112, CurrentState:112",28e57347,Read out cached package applicability for package: <*> ApplicableState: <*> <*>,"['Package_for_KB3101722~31bf3856ad364e35~amd64~~6.1.1.0,', '112, CurrentState:112']"
1949,2016-09-29,02:04:38,Info,CBS,Session: 30546354_3343473416 initialized by client WindowsUpdateAgent.,08fb5d73,Session: <*> initialized by client WindowsUpdateAgent.,['30546354_3343473416']
1950,2016-09-29,02:04:38,Info,CBS,"Read out cached package applicability for package: Package_for_KB3155178~31bf3856ad364e35~amd64~~6.1.1.0, ApplicableState: 112, CurrentState:112",28e57347,Read out cached package applicability for package: <*> ApplicableState: <*> <*>,"['Package_for_KB3155178~31bf3856ad364e35~amd64~~6.1.1.0,', '112, CurrentState:112']"
1951,2016-09-29,02:04:38,Info,CBS,Session: 30546354_3343653427 initialized by client WindowsUpdateAgent.,08fb5d73,Session: <*> initialized by client WindowsUpdateAgent.,['30546354_3343653427']
1952,2016-09-29,02:04:38,Info,CBS,"Read out cached package applicability for package: Package_for_KB2978120~31bf3856ad364e35~amd64~~6.1.1.0, ApplicableState: 112, CurrentState:112",28e57347,Read out cached package applicability for package: <*> ApplicableState: <*> <*>,"['Package_for_KB2978120~31bf3856ad364e35~amd64~~6.1.1.0,', '112, CurrentState:112']"
1953,2016-09-29,02:04:38,Info,CBS,Session: 30546354_3344023448 initialized by client WindowsUpdateAgent.,08fb5d73,Session: <*> initialized by client WindowsUpdateAgent.,['30546354_3344023448']
1954,2016-09-29,02:04:38,Info,CBS,"Read out cached package applicability for package: Package_for_KB3140245~31bf3856ad364e35~amd64~~6.1.1.0, ApplicableState: 112, CurrentState:112",28e57347,Read out cached package applicability for package: <*> ApplicableState: <*> <*>,"['Package_for_KB3140245~31bf3856ad364e35~amd64~~6.1.1.0,', '112, CurrentState:112']"
1955,2016-09-29,02:04:38,Info,CBS,Session: 30546354_3344103452 initialized by client WindowsUpdateAgent.,08fb5d73,Session: <*> initialized by client WindowsUpdateAgent.,['30546354_3344103452']
1956,2016-09-29,02:04:38,Info,CBS,"Read out cached package applicability for package: Package_for_KB3010788~31bf3856ad364e35~amd64~~6.1.1.1, ApplicableState: 112, CurrentState:112",28e57347,Read out cached package applicability for package: <*> ApplicableState: <*> <*>,"['Package_for_KB3010788~31bf3856ad364e35~amd64~~6.1.1.1,', '112, CurrentState:112']"
1957,2016-09-29,02:04:38,Info,CBS,Session: 30546354_3344683485 initialized by client WindowsUpdateAgent.,08fb5d73,Session: <*> initialized by client WindowsUpdateAgent.,['30546354_3344683485']
1958,2016-09-29,02:04:38,Info,CBS,"Read out cached package applicability for package: Package_for_KB982018~31bf3856ad364e35~amd64~~6.1.3.2, ApplicableState: 112, CurrentState:112",28e57347,Read out cached package applicability for package: <*> ApplicableState: <*> <*>,"['Package_for_KB982018~31bf3856ad364e35~amd64~~6.1.3.2,', '112, CurrentState:112']"
1959,2016-09-29,02:04:38,Info,CBS,Session: 30546354_3345573536 initialized by client WindowsUpdateAgent.,08fb5d73,Session: <*> initialized by client WindowsUpdateAgent.,['30546354_3345573536']
1960,2016-09-29,02:04:38,Info,CBS,"Read out cached package applicability for package: Package_for_KB2705219~31bf3856ad364e35~amd64~~6.1.2.0, ApplicableState: 112, CurrentState:112",28e57347,Read out cached package applicability for package: <*> ApplicableState: <*> <*>,"['Package_for_KB2705219~31bf3856ad364e35~amd64~~6.1.2.0,', '112, CurrentState:112']"
1961,2016-09-29,02:04:38,Info,CBS,Session: 30546354_3345633540 initialized by client WindowsUpdateAgent.,08fb5d73,Session: <*> initialized by client WindowsUpdateAgent.,['30546354_3345633540']
1962,2016-09-29,02:04:38,Info,CBS,Session: 30546354_3347003618 initialized by client WindowsUpdateAgent.,08fb5d73,Session: <*> initialized by client WindowsUpdateAgent.,['30546354_3347003618']
1963,2016-09-29,02:04:39,Info,CBS,"Read out cached package applicability for package: Package_for_KB3004375~31bf3856ad364e35~amd64~~6.1.3.1, ApplicableState: 112, CurrentState:112",28e57347,Read out cached package applicability for package: <*> ApplicableState: <*> <*>,"['Package_for_KB3004375~31bf3856ad364e35~amd64~~6.1.3.1,', '112, CurrentState:112']"
1964,2016-09-29,02:04:39,Info,CBS,Session: 30546354_3350523820 initialized by client WindowsUpdateAgent.,08fb5d73,Session: <*> initialized by client WindowsUpdateAgent.,['30546354_3350523820']
1965,2016-09-29,02:04:39,Info,CBS,"Read out cached package applicability for package: Package_for_KB3138378~31bf3856ad364e35~amd64~~6.1.1.0, ApplicableState: 112, CurrentState:112",28e57347,Read out cached package applicability for package: <*> ApplicableState: <*> <*>,"['Package_for_KB3138378~31bf3856ad364e35~amd64~~6.1.1.0,', '112, CurrentState:112']"
1966,2016-09-29,02:04:39,Info,CBS,Session: 30546354_3350703830 initialized by client WindowsUpdateAgent.,08fb5d73,Session: <*> initialized by client WindowsUpdateAgent.,['30546354_3350703830']
1967,2016-09-29,02:04:39,Info,CBS,"Read out cached package applicability for package: Package_for_KB2506928~31bf3856ad364e35~amd64~~6.1.2.0, ApplicableState: 112, CurrentState:112",28e57347,Read out cached package applicability for package: <*> ApplicableState: <*> <*>,"['Package_for_KB2506928~31bf3856ad364e35~amd64~~6.1.2.0,', '112, CurrentState:112']"
1968,2016-09-29,02:04:39,Info,CBS,Session: 30546354_3350783834 initialized by client WindowsUpdateAgent.,08fb5d73,Session: <*> initialized by client WindowsUpdateAgent.,['30546354_3350783834']
1969,2016-09-29,02:04:39,Info,CBS,"Read out cached package applicability for package: Package_for_KB2799926~31bf3856ad364e35~amd64~~6.1.1.0, ApplicableState: 112, CurrentState:112",28e57347,Read out cached package applicability for package: <*> ApplicableState: <*> <*>,"['Package_for_KB2799926~31bf3856ad364e35~amd64~~6.1.1.0,', '112, CurrentState:112']"
1970,2016-09-29,02:04:39,Info,CBS,Session: 30546354_3350953844 initialized by client WindowsUpdateAgent.,08fb5d73,Session: <*> initialized by client WindowsUpdateAgent.,['30546354_3350953844']
1971,2016-09-29,02:04:39,Info,CBS,"Read out cached package applicability for package: Package_for_KB2491683~31bf3856ad364e35~amd64~~6.1.1.1, ApplicableState: 112, CurrentState:112",28e57347,Read out cached package applicability for package: <*> ApplicableState: <*> <*>,"['Package_for_KB2491683~31bf3856ad364e35~amd64~~6.1.1.1,', '112, CurrentState:112']"
1972,2016-09-29,02:04:39,Info,CBS,Session: 30546354_3351103853 initialized by client WindowsUpdateAgent.,08fb5d73,Session: <*> initialized by client WindowsUpdateAgent.,['30546354_3351103853']
1973,2016-09-29,02:04:39,Info,CBS,"Read out cached package applicability for package: Package_for_KB2654428~31bf3856ad364e35~amd64~~6.1.1.0, ApplicableState: 112, CurrentState:112",28e57347,Read out cached package applicability for package: <*> ApplicableState: <*> <*>,"['Package_for_KB2654428~31bf3856ad364e35~amd64~~6.1.1.0,', '112, CurrentState:112']"
1974,2016-09-29,02:04:39,Info,CBS,Session: 30546354_3351293864 initialized by client WindowsUpdateAgent.,08fb5d73,Session: <*> initialized by client WindowsUpdateAgent.,['30546354_3351293864']
1975,2016-09-29,02:04:39,Info,CBS,"Read out cached package applicability for package: Package_for_KB3004361~31bf3856ad364e35~amd64~~6.1.1.0, ApplicableState: 112, CurrentState:112",28e57347,Read out cached package applicability for package: <*> ApplicableState: <*> <*>,"['Package_for_KB3004361~31bf3856ad364e35~amd64~~6.1.1.0,', '112, CurrentState:112']"
1976,2016-09-29,02:04:39,Info,CBS,Session: 30546354_3351423871 initialized by client WindowsUpdateAgent.,08fb5d73,Session: <*> initialized by client WindowsUpdateAgent.,['30546354_3351423871']
1977,2016-09-29,02:04:39,Info,CBS,"Read out cached package applicability for package: Package_for_KB3108371~31bf3856ad364e35~amd64~~6.1.1.0, ApplicableState: 112, CurrentState:112",28e57347,Read out cached package applicability for package: <*> ApplicableState: <*> <*>,"['Package_for_KB3108371~31bf3856ad364e35~amd64~~6.1.1.0,', '112, CurrentState:112']"
1978,2016-09-29,02:04:39,Info,CBS,Session: 30546354_3351723888 initialized by client WindowsUpdateAgent.,08fb5d73,Session: <*> initialized by client WindowsUpdateAgent.,['30546354_3351723888']
1979,2016-09-29,02:04:39,Info,CBS,"Read out cached package applicability for package: Package_for_KB2892074~31bf3856ad364e35~amd64~~6.1.1.0, ApplicableState: 112, CurrentState:112",28e57347,Read out cached package applicability for package: <*> ApplicableState: <*> <*>,"['Package_for_KB2892074~31bf3856ad364e35~amd64~~6.1.1.0,', '112, CurrentState:112']"
1980,2016-09-29,02:04:39,Info,CBS,Session: 30546354_3352763948 initialized by client WindowsUpdateAgent.,08fb5d73,Session: <*> initialized by client WindowsUpdateAgent.,['30546354_3352763948']
1981,2016-09-29,02:04:39,Info,CBS,"Read out cached package applicability for package: Package_for_KB2973351~31bf3856ad364e35~amd64~~6.1.1.1, ApplicableState: 112, CurrentState:112",28e57347,Read out cached package applicability for package: <*> ApplicableState: <*> <*>,"['Package_for_KB2973351~31bf3856ad364e35~amd64~~6.1.1.1,', '112, CurrentState:112']"
1982,2016-09-29,02:04:39,Info,CBS,Session: 30546354_3355304093 initialized by client WindowsUpdateAgent.,08fb5d73,Session: <*> initialized by client WindowsUpdateAgent.,['30546354_3355304093']
1983,2016-09-29,02:04:39,Info,CBS,"Read out cached package applicability for package: Package_for_KB2729094~31bf3856ad364e35~amd64~~6.1.2.0, ApplicableState: 112, CurrentState:112",28e57347,Read out cached package applicability for package: <*> ApplicableState: <*> <*>,"['Package_for_KB2729094~31bf3856ad364e35~amd64~~6.1.2.0,', '112, CurrentState:112']"
1984,2016-09-29,02:04:39,Info,CBS,Session: 30546354_3355724117 initialized by client WindowsUpdateAgent.,08fb5d73,Session: <*> initialized by client WindowsUpdateAgent.,['30546354_3355724117']
1985,2016-09-29,02:04:39,Info,CBS,"Read out cached package applicability for package: Package_for_KB2511455~31bf3856ad364e35~amd64~~6.1.1.0, ApplicableState: 112, CurrentState:112",28e57347,Read out cached package applicability for package: <*> ApplicableState: <*> <*>,"['Package_for_KB2511455~31bf3856ad364e35~amd64~~6.1.1.0,', '112, CurrentState:112']"
1986,2016-09-29,02:04:39,Info,CBS,Session: 30546354_3355864125 initialized by client WindowsUpdateAgent.,08fb5d73,Session: <*> initialized by client WindowsUpdateAgent.,['30546354_3355864125']
1987,2016-09-29,02:04:39,Info,CBS,"Read out cached package applicability for package: Package_for_KB2564958~31bf3856ad364e35~amd64~~6.1.1.1, ApplicableState: 112, CurrentState:112",28e57347,Read out cached package applicability for package: <*> ApplicableState: <*> <*>,"['Package_for_KB2564958~31bf3856ad364e35~amd64~~6.1.1.1,', '112, CurrentState:112']"
1988,2016-09-29,02:04:39,Info,CBS,Session: 30546354_3356114139 initialized by client WindowsUpdateAgent.,08fb5d73,Session: <*> initialized by client WindowsUpdateAgent.,['30546354_3356114139']
1989,2016-09-29,02:04:39,Info,CBS,"Read out cached package applicability for package: Package_for_KB3045685~31bf3856ad364e35~amd64~~6.1.1.0, ApplicableState: 112, CurrentState:112",28e57347,Read out cached package applicability for package: <*> ApplicableState: <*> <*>,"['Package_for_KB3045685~31bf3856ad364e35~amd64~~6.1.1.0,', '112, CurrentState:112']"
1990,2016-09-29,02:04:39,Info,CBS,Session: 30546354_3356384155 initialized by client WindowsUpdateAgent.,08fb5d73,Session: <*> initialized by client WindowsUpdateAgent.,['30546354_3356384155']
1991,2016-09-29,02:04:39,Info,CBS,"Read out cached package applicability for package: Package_for_KB2836943~31bf3856ad364e35~amd64~~6.1.2.0, ApplicableState: 80, CurrentState:112",28e57347,Read out cached package applicability for package: <*> ApplicableState: <*> <*>,"['Package_for_KB2836943~31bf3856ad364e35~amd64~~6.1.2.0,', '80, CurrentState:112']"
1992,2016-09-29,02:04:39,Info,CBS,Session: 30546354_3356844181 initialized by client WindowsUpdateAgent.,08fb5d73,Session: <*> initialized by client WindowsUpdateAgent.,['30546354_3356844181']
1993,2016-09-29,02:04:39,Info,CBS,"Read out cached package applicability for package: Package_for_KB2698365~31bf3856ad364e35~amd64~~6.1.1.2, ApplicableState: 112, CurrentState:112",28e57347,Read out cached package applicability for package: <*> ApplicableState: <*> <*>,"['Package_for_KB2698365~31bf3856ad364e35~amd64~~6.1.1.2,', '112, CurrentState:112']"
1994,2016-09-29,02:04:39,Info,CBS,Session: 30546354_3357084195 initialized by client WindowsUpdateAgent.,08fb5d73,Session: <*> initialized by client WindowsUpdateAgent.,['30546354_3357084195']
1995,2016-09-29,02:04:39,Info,CBS,Session: 30546354_3357894241 initialized by client WindowsUpdateAgent.,08fb5d73,Session: <*> initialized by client WindowsUpdateAgent.,['30546354_3357894241']
1996,2016-09-29,02:04:40,Info,CBS,"Read out cached package applicability for package: Package_for_KB3031432~31bf3856ad364e35~amd64~~6.1.1.0, ApplicableState: 80, CurrentState:112",28e57347,Read out cached package applicability for package: <*> ApplicableState: <*> <*>,"['Package_for_KB3031432~31bf3856ad364e35~amd64~~6.1.1.0,', '80, CurrentState:112']"
1997,2016-09-29,02:04:40,Info,CBS,Session: 30546354_3360174372 initialized by client WindowsUpdateAgent.,08fb5d73,Session: <*> initialized by client WindowsUpdateAgent.,['30546354_3360174372']
1998,2016-09-29,02:04:40,Info,CBS,"Read out cached package applicability for package: Package_for_KB3004375~31bf3856ad364e35~amd64~~6.1.3.1, ApplicableState: 112, CurrentState:112",28e57347,Read out cached package applicability for package: <*> ApplicableState: <*> <*>,"['Package_for_KB3004375~31bf3856ad364e35~amd64~~6.1.3.1,', '112, CurrentState:112']"
1999,2016-09-29,02:04:40,Info,CBS,Session: 30546354_3363894584 initialized by client WindowsUpdateAgent.,08fb5d73,Session: <*> initialized by client WindowsUpdateAgent.,['30546354_3363894584']
2000,2016-09-29,02:04:40,Info,CBS,"Read out cached package applicability for package: Package_for_KB2928120~31bf3856ad364e35~amd64~~6.1.1.2, ApplicableState: 0, CurrentState:0",28e57347,Read out cached package applicability for package: <*> ApplicableState: <*> <*>,"['Package_for_KB2928120~31bf3856ad364e35~amd64~~6.1.1.2,', '0, CurrentState:0']"
